    0.10000E-03    0.56984E+03
    0.10202E-03    0.58088E+03
    0.10408E-03    0.59213E+03
    0.10618E-03    0.60360E+03
    0.10833E-03    0.61530E+03
    0.11052E-03    0.62721E+03
    0.11275E-03    0.63936E+03
    0.11503E-03    0.65175E+03
    0.11735E-03    0.66437E+03
    0.11972E-03    0.67724E+03
    0.12214E-03    0.69036E+03
    0.12461E-03    0.70373E+03
    0.12712E-03    0.71736E+03
    0.12969E-03    0.73125E+03
    0.13231E-03    0.74542E+03
    0.13499E-03    0.75985E+03
    0.13771E-03    0.77457E+03
    0.14049E-03    0.78956E+03
    0.14333E-03    0.80485E+03
    0.14623E-03    0.82044E+03
    0.14918E-03    0.83632E+03
    0.15220E-03    0.85251E+03
    0.15527E-03    0.86902E+03
    0.15841E-03    0.88584E+03
    0.16161E-03    0.90298E+03
    0.16487E-03    0.92046E+03
    0.16820E-03    0.93828E+03
    0.17160E-03    0.95644E+03
    0.17507E-03    0.97495E+03
    0.17860E-03    0.99381E+03
    0.18221E-03    0.10130E+04
    0.18589E-03    0.10326E+04
    0.18965E-03    0.10526E+04
    0.19348E-03    0.10730E+04
    0.19739E-03    0.10937E+04
    0.20138E-03    0.11149E+04
    0.20544E-03    0.11365E+04
    0.20959E-03    0.11584E+04
    0.21383E-03    0.11808E+04
    0.21815E-03    0.12037E+04
    0.22255E-03    0.12269E+04
    0.22705E-03    0.12506E+04
    0.23164E-03    0.12748E+04
    0.23632E-03    0.12995E+04
    0.24109E-03    0.13246E+04
    0.24596E-03    0.13502E+04
    0.25093E-03    0.13762E+04
    0.25600E-03    0.14028E+04
    0.26117E-03    0.14299E+04
    0.26645E-03    0.14575E+04
    0.27183E-03    0.14857E+04
    0.27732E-03    0.15143E+04
    0.28292E-03    0.15436E+04
    0.28864E-03    0.15733E+04
    0.29447E-03    0.16037E+04
    0.30042E-03    0.16346E+04
    0.30649E-03    0.16662E+04
    0.31268E-03    0.16983E+04
    0.31899E-03    0.17310E+04
    0.32544E-03    0.17644E+04
    0.33201E-03    0.17984E+04
    0.33872E-03    0.18330E+04
    0.34556E-03    0.18684E+04
    0.35254E-03    0.19043E+04
    0.35966E-03    0.19410E+04
    0.36693E-03    0.19783E+04
    0.37434E-03    0.20164E+04
    0.38190E-03    0.20552E+04
    0.38962E-03    0.20947E+04
    0.39749E-03    0.21350E+04
    0.40552E-03    0.21760E+04
    0.41371E-03    0.22178E+04
    0.42207E-03    0.22604E+04
    0.43060E-03    0.23038E+04
    0.43929E-03    0.23480E+04
    0.44817E-03    0.23931E+04
    0.45722E-03    0.24390E+04
    0.46646E-03    0.24857E+04
    0.47588E-03    0.25334E+04
    0.48550E-03    0.25819E+04
    0.49530E-03    0.26313E+04
    0.50531E-03    0.26817E+04
    0.51552E-03    0.27330E+04
    0.52593E-03    0.27852E+04
    0.53656E-03    0.28384E+04
    0.54739E-03    0.28926E+04
    0.55845E-03    0.29478E+04
    0.56973E-03    0.30041E+04
    0.58124E-03    0.30614E+04
    0.59299E-03    0.31197E+04
    0.60496E-03    0.31791E+04
    0.61719E-03    0.32396E+04
    0.62965E-03    0.33013E+04
    0.64237E-03    0.33640E+04
    0.65535E-03    0.34279E+04
    0.66859E-03    0.34930E+04
    0.68210E-03    0.35592E+04
    0.69588E-03    0.36267E+04
    0.70993E-03    0.36954E+04
    0.72427E-03    0.37653E+04
    0.73891E-03    0.38365E+04
    0.75383E-03    0.39090E+04
    0.76906E-03    0.39828E+04
    0.78460E-03    0.40580E+04
    0.80045E-03    0.41344E+04
    0.81662E-03    0.42123E+04
    0.83311E-03    0.42915E+04
    0.84994E-03    0.43722E+04
    0.86711E-03    0.44542E+04
    0.88463E-03    0.45378E+04
    0.90250E-03    0.46228E+04
    0.92073E-03    0.47093E+04
    0.93933E-03    0.47973E+04
    0.95831E-03    0.48869E+04
    0.97767E-03    0.49780E+04
    0.99742E-03    0.50707E+04
    0.10176E-02    0.51651E+04
    0.10381E-02    0.52610E+04
    0.10591E-02    0.53586E+04
    0.10805E-02    0.54579E+04
    0.11023E-02    0.55589E+04
    0.11246E-02    0.56616E+04
    0.11473E-02    0.57660E+04
    0.11705E-02    0.58722E+04
    0.11941E-02    0.59802E+04
    0.12182E-02    0.60900E+04
    0.12429E-02    0.62017E+04
    0.12680E-02    0.63151E+04
    0.12936E-02    0.64305E+04
    0.13197E-02    0.65477E+04
    0.13464E-02    0.66669E+04
    0.13736E-02    0.67880E+04
    0.14013E-02    0.69111E+04
    0.14296E-02    0.70361E+04
    0.14585E-02    0.71632E+04
    0.14880E-02    0.72923E+04
    0.15180E-02    0.74234E+04
    0.15487E-02    0.75565E+04
    0.15800E-02    0.76918E+04
    0.16119E-02    0.78291E+04
    0.16445E-02    0.79686E+04
    0.16777E-02    0.81102E+04
    0.17116E-02    0.82539E+04
    0.17462E-02    0.83998E+04
    0.17814E-02    0.85479E+04
    0.18174E-02    0.86981E+04
    0.18541E-02    0.88506E+04
    0.18916E-02    0.90053E+04
    0.19298E-02    0.91623E+04
    0.19688E-02    0.93215E+04
    0.20086E-02    0.94829E+04
    0.20491E-02    0.96466E+04
    0.20905E-02    0.98126E+04
    0.21328E-02    0.99809E+04
    0.21758E-02    0.10151E+05
    0.22198E-02    0.10324E+05
    0.22646E-02    0.10499E+05
    0.23104E-02    0.10677E+05
    0.23571E-02    0.10857E+05
    0.24047E-02    0.11039E+05
    0.24533E-02    0.11223E+05
    0.25028E-02    0.11410E+05
    0.25534E-02    0.11599E+05
    0.26050E-02    0.11790E+05
    0.26576E-02    0.11984E+05
    0.27113E-02    0.12180E+05
    0.27660E-02    0.12378E+05
    0.28219E-02    0.12578E+05
    0.28789E-02    0.12781E+05
    0.29371E-02    0.12986E+05
    0.29964E-02    0.13193E+05
    0.30569E-02    0.13402E+05
    0.31187E-02    0.13614E+05
    0.31817E-02    0.13827E+05
    0.32460E-02    0.14043E+05
    0.33115E-02    0.14261E+05
    0.33784E-02    0.14481E+05
    0.34467E-02    0.14703E+05
    0.35163E-02    0.14927E+05
    0.35874E-02    0.15153E+05
    0.36598E-02    0.15381E+05
    0.37338E-02    0.15611E+05
    0.38092E-02    0.15842E+05
    0.38861E-02    0.16076E+05
    0.39646E-02    0.16311E+05
    0.40447E-02    0.16547E+05
    0.41264E-02    0.16786E+05
    0.42098E-02    0.17026E+05
    0.42948E-02    0.17267E+05
    0.43816E-02    0.17510E+05
    0.44701E-02    0.17754E+05
    0.45604E-02    0.18000E+05
    0.46525E-02    0.18246E+05
    0.47465E-02    0.18494E+05
    0.48424E-02    0.18743E+05
    0.49402E-02    0.18992E+05
    0.50400E-02    0.19243E+05
    0.51419E-02    0.19494E+05
    0.52457E-02    0.19746E+05
    0.53517E-02    0.19999E+05
    0.54598E-02    0.20252E+05
    0.55701E-02    0.20505E+05
    0.56826E-02    0.20759E+05
    0.57974E-02    0.21012E+05
    0.59145E-02    0.21265E+05
    0.60340E-02    0.21518E+05
    0.61559E-02    0.21771E+05
    0.62803E-02    0.22023E+05
    0.64072E-02    0.22274E+05
    0.65366E-02    0.22525E+05
    0.66686E-02    0.22774E+05
    0.68033E-02    0.23022E+05
    0.69408E-02    0.23269E+05
    0.70810E-02    0.23515E+05
    0.72240E-02    0.23759E+05
    0.73700E-02    0.24000E+05
    0.75189E-02    0.24240E+05
    0.76708E-02    0.24477E+05
    0.78257E-02    0.24712E+05
    0.79838E-02    0.24945E+05
    0.81451E-02    0.25174E+05
    0.83096E-02    0.25400E+05
    0.84775E-02    0.25622E+05
    0.86488E-02    0.25842E+05
    0.88235E-02    0.26057E+05
    0.90017E-02    0.26268E+05
    0.91836E-02    0.26474E+05
    0.93691E-02    0.26677E+05
    0.95583E-02    0.26874E+05
    0.97514E-02    0.27066E+05
    0.99484E-02    0.27252E+05
    0.10149E-01    0.27433E+05
    0.10354E-01    0.27608E+05
    0.10564E-01    0.27777E+05
    0.10777E-01    0.27939E+05
    0.10995E-01    0.28094E+05
    0.11217E-01    0.28242E+05
    0.11443E-01    0.28383E+05
    0.11675E-01    0.28515E+05
    0.11910E-01    0.28640E+05
    0.12151E-01    0.28756E+05
    0.12397E-01    0.28863E+05
    0.12647E-01    0.28962E+05
    0.12902E-01    0.29052E+05
    0.13163E-01    0.29132E+05
    0.13429E-01    0.29201E+05
    0.13700E-01    0.29259E+05
    0.13977E-01    0.29305E+05
    0.14259E-01    0.29340E+05
    0.14547E-01    0.29364E+05
    0.14841E-01    0.29379E+05
    0.15141E-01    0.29386E+05
    0.15447E-01    0.29386E+05
    0.15759E-01    0.29378E+05
    0.16077E-01    0.29360E+05
    0.16402E-01    0.29328E+05
    0.16734E-01    0.29281E+05
    0.17072E-01    0.29216E+05
    0.17416E-01    0.29134E+05
    0.17768E-01    0.29036E+05
    0.18127E-01    0.28923E+05
    0.18493E-01    0.28797E+05
    0.18867E-01    0.28659E+05
    0.19248E-01    0.28509E+05
    0.19637E-01    0.28344E+05
    0.20034E-01    0.28164E+05
    0.20438E-01    0.27967E+05
    0.20851E-01    0.27751E+05
    0.21272E-01    0.27518E+05
    0.21702E-01    0.27270E+05
    0.22141E-01    0.27009E+05
    0.22588E-01    0.26736E+05
    0.23044E-01    0.26453E+05
    0.23510E-01    0.26161E+05
    0.23985E-01    0.25859E+05
    0.24469E-01    0.25548E+05
    0.24964E-01    0.25228E+05
    0.25468E-01    0.24899E+05
    0.25982E-01    0.24561E+05
    0.26507E-01    0.24214E+05
    0.27043E-01    0.23857E+05
    0.27589E-01    0.23492E+05
    0.28146E-01    0.23118E+05
    0.28715E-01    0.22736E+05
    0.29295E-01    0.22347E+05
    0.29887E-01    0.21952E+05
    0.30490E-01    0.21553E+05
    0.31106E-01    0.21151E+05
    0.31735E-01    0.20747E+05
    0.32376E-01    0.20343E+05
    0.33030E-01    0.19940E+05
    0.33697E-01    0.19540E+05
    0.34378E-01    0.19144E+05
    0.35072E-01    0.18753E+05
    0.35781E-01    0.18367E+05
    0.36504E-01    0.17989E+05
    0.37241E-01    0.17618E+05
    0.37993E-01    0.17255E+05
    0.38761E-01    0.16900E+05
    0.39544E-01    0.16555E+05
    0.40343E-01    0.16220E+05
    0.41158E-01    0.15896E+05
    0.41989E-01    0.15582E+05
    0.42838E-01    0.15280E+05
    0.43703E-01    0.14992E+05
    0.44586E-01    0.14718E+05
    0.45486E-01    0.14459E+05
    0.46405E-01    0.14214E+05
    0.47343E-01    0.13984E+05
    0.48299E-01    0.13766E+05
    0.49275E-01    0.13560E+05
    0.50270E-01    0.13363E+05
    0.51286E-01    0.13177E+05
    0.52322E-01    0.12998E+05
    0.53379E-01    0.12827E+05
    0.54457E-01    0.12661E+05
    0.55557E-01    0.12501E+05
    0.56680E-01    0.12345E+05
    0.57825E-01    0.12191E+05
    0.58993E-01    0.12039E+05
    0.60184E-01    0.11884E+05
    0.61400E-01    0.11727E+05
    0.62641E-01    0.11565E+05
    0.63906E-01    0.11395E+05
    0.65197E-01    0.11213E+05
    0.66514E-01    0.11019E+05
    0.67858E-01    0.10811E+05
    0.69229E-01    0.10594E+05
    0.70627E-01    0.10368E+05
    0.72054E-01    0.10131E+05
    0.73510E-01    0.98794E+04
    0.74994E-01    0.96095E+04
    0.76509E-01    0.93245E+04
    0.78055E-01    0.90300E+04
    0.79632E-01    0.87308E+04
    0.81241E-01    0.84294E+04
    0.82882E-01    0.81275E+04
    0.84556E-01    0.78279E+04
    0.86264E-01    0.75338E+04
    0.88007E-01    0.72481E+04
    0.89785E-01    0.69740E+04
    0.91598E-01    0.67143E+04
    0.93449E-01    0.64715E+04
    0.95337E-01    0.62479E+04
    0.97263E-01    0.60458E+04
    0.99227E-01    0.58659E+04
    0.10123E+00    0.57079E+04
    0.10328E+00    0.55715E+04
    0.10536E+00    0.54543E+04
    0.10749E+00    0.53536E+04
    0.10966E+00    0.52661E+04
    0.11188E+00    0.51875E+04
    0.11414E+00    0.51136E+04
    0.11644E+00    0.50400E+04
    0.11880E+00    0.49624E+04
    0.12120E+00    0.48771E+04
    0.12365E+00    0.47808E+04
    0.12614E+00    0.46713E+04
    0.12869E+00    0.45473E+04
    0.13129E+00    0.44090E+04
    0.13394E+00    0.42575E+04
    0.13665E+00    0.40955E+04
    0.13941E+00    0.39263E+04
    0.14223E+00    0.37543E+04
    0.14510E+00    0.35846E+04
    0.14803E+00    0.34223E+04
    0.15102E+00    0.32724E+04
    0.15407E+00    0.31386E+04
    0.15718E+00    0.30230E+04
    0.16036E+00    0.29259E+04
    0.16360E+00    0.28456E+04
    0.16690E+00    0.27792E+04
    0.17028E+00    0.27232E+04
    0.17371E+00    0.26734E+04
    0.17722E+00    0.26252E+04
    0.18080E+00    0.25737E+04
    0.18446E+00    0.25144E+04
    0.18818E+00    0.24442E+04
    0.19198E+00    0.23628E+04
    0.19586E+00    0.22721E+04
    0.19982E+00    0.21756E+04
    0.20386E+00    0.20777E+04
    0.20797E+00    0.19825E+04
    0.21218E+00    0.18943E+04
    0.21646E+00    0.18162E+04
    0.22083E+00    0.17498E+04
    0.22530E+00    0.16949E+04
    0.22985E+00    0.16492E+04
    0.23449E+00    0.16090E+04
    0.23923E+00    0.15705E+04
    0.24406E+00    0.15296E+04
    0.24899E+00    0.14836E+04
    0.25402E+00    0.14317E+04
    0.25915E+00    0.13751E+04
    0.26439E+00    0.13163E+04
    0.26973E+00    0.12584E+04
    0.27518E+00    0.12046E+04
    0.28074E+00    0.11570E+04
    0.28641E+00    0.11160E+04
    0.29219E+00    0.10806E+04
    0.29810E+00    0.10484E+04
    0.30412E+00    0.10168E+04
    0.31026E+00    0.98368E+03
    0.31653E+00    0.94804E+03
    0.32292E+00    0.91043E+03
    0.32945E+00    0.87252E+03
    0.33610E+00    0.83622E+03
    0.34289E+00    0.80296E+03
    0.34982E+00    0.77320E+03
    0.35689E+00    0.74629E+03
    0.36409E+00    0.72091E+03
    0.37145E+00    0.69571E+03
    0.37895E+00    0.66983E+03
    0.38661E+00    0.64338E+03
    0.39442E+00    0.61728E+03
    0.40239E+00    0.59242E+03
    0.41052E+00    0.56934E+03
    0.41881E+00    0.54803E+03
    0.42727E+00    0.52784E+03
    0.43590E+00    0.50810E+03
    0.44471E+00    0.48845E+03
    0.45369E+00    0.46896E+03
    0.46286E+00    0.45012E+03
    0.47221E+00    0.43226E+03
    0.48174E+00    0.41542E+03
    0.49148E+00    0.39940E+03
    0.50141E+00    0.38385E+03
    0.51153E+00    0.36862E+03
    0.52187E+00    0.35382E+03
    0.53241E+00    0.33959E+03
    0.54317E+00    0.32606E+03
    0.55414E+00    0.31311E+03
    0.56533E+00    0.30064E+03
    0.57675E+00    0.28854E+03
    0.58840E+00    0.27686E+03
    0.60029E+00    0.26563E+03
    0.61242E+00    0.25488E+03
    0.62479E+00    0.24456E+03
    0.63741E+00    0.23464E+03
    0.65029E+00    0.22509E+03
    0.66342E+00    0.21590E+03
    0.67683E+00    0.20706E+03
    0.69050E+00    0.19856E+03
    0.70445E+00    0.19039E+03
    0.71868E+00    0.18255E+03
    0.73320E+00    0.17502E+03
    0.74801E+00    0.16779E+03
    0.76312E+00    0.16084E+03
    0.77854E+00    0.15417E+03
    0.79426E+00    0.14777E+03
    0.81031E+00    0.14161E+03
    0.82668E+00    0.13571E+03
    0.84338E+00    0.13004E+03
    0.86041E+00    0.12460E+03
    0.87780E+00    0.11938E+03
    0.89553E+00    0.11437E+03
    0.91362E+00    0.10956E+03
    0.93208E+00    0.10495E+03
    0.95091E+00    0.10053E+03
    0.97011E+00    0.96282E+02
    0.98971E+00    0.92213E+02
    0.10097E+01    0.88310E+02
    0.10301E+01    0.84567E+02
    0.10509E+01    0.80979E+02
    0.10721E+01    0.77539E+02
    0.10938E+01    0.74241E+02
    0.11159E+01    0.71079E+02
    0.11384E+01    0.68049E+02
    0.11614E+01    0.65145E+02
    0.11849E+01    0.62362E+02
    0.12088E+01    0.59695E+02
    0.12333E+01    0.57140E+02
    0.12582E+01    0.54691E+02
    0.12836E+01    0.52346E+02
    0.13095E+01    0.50099E+02
    0.13360E+01    0.47946E+02
    0.13630E+01    0.45884E+02
    0.13905E+01    0.43910E+02
    0.14186E+01    0.42018E+02
    0.14472E+01    0.40207E+02
    0.14765E+01    0.38472E+02
    0.15063E+01    0.36811E+02
    0.15367E+01    0.35220E+02
    0.15678E+01    0.33697E+02
    0.15994E+01    0.32239E+02
    0.16318E+01    0.30843E+02
    0.16647E+01    0.29507E+02
    0.16984E+01    0.28227E+02
    0.17327E+01    0.27003E+02
    0.17677E+01    0.25830E+02
    0.18034E+01    0.24708E+02
    0.18398E+01    0.23634E+02
    0.18770E+01    0.22606E+02
    0.19149E+01    0.21622E+02
    0.19536E+01    0.20680E+02
    0.19930E+01    0.19778E+02
    0.20333E+01    0.18915E+02
    0.20744E+01    0.18089E+02
    0.21163E+01    0.17299E+02
    0.21590E+01    0.16542E+02
    0.22026E+01    0.15818E+02
    0.22471E+01    0.15125E+02
    0.22925E+01    0.14462E+02
    0.23388E+01    0.13827E+02
    0.23861E+01    0.13220E+02
    0.24343E+01    0.12639E+02
    0.24835E+01    0.12083E+02
    0.25336E+01    0.11550E+02
    0.25848E+01    0.11041E+02
    0.26370E+01    0.10554E+02
    0.26903E+01    0.10087E+02
    0.27447E+01    0.96411E+01
    0.28001E+01    0.92140E+01
    0.28567E+01    0.88053E+01
    0.29144E+01    0.84143E+01
    0.29733E+01    0.80401E+01
    0.30333E+01    0.76820E+01
    0.30946E+01    0.73394E+01
    0.31571E+01    0.70115E+01
    0.32209E+01    0.66978E+01
    0.32860E+01    0.63977E+01
    0.33523E+01    0.61106E+01
    0.34201E+01    0.58359E+01
    0.34892E+01    0.55730E+01
    0.35596E+01    0.53216E+01
    0.36316E+01    0.50811E+01
    0.37049E+01    0.48511E+01
    0.37798E+01    0.46310E+01
    0.38561E+01    0.44205E+01
    0.39340E+01    0.42193E+01
    0.40135E+01    0.40268E+01
    0.40946E+01    0.38427E+01
    0.41773E+01    0.36667E+01
    0.42617E+01    0.34984E+01
    0.43478E+01    0.33374E+01
    0.44356E+01    0.31836E+01
    0.45252E+01    0.30365E+01
    0.46166E+01    0.28959E+01
    0.47099E+01    0.27616E+01
    0.48050E+01    0.26332E+01
    0.49021E+01    0.25104E+01
    0.50011E+01    0.23932E+01
    0.51021E+01    0.22812E+01
    0.52052E+01    0.21741E+01
    0.53104E+01    0.20719E+01
    0.54176E+01    0.19743E+01
    0.55271E+01    0.18811E+01
    0.56387E+01    0.17921E+01
    0.57526E+01    0.17071E+01
    0.58689E+01    0.16260E+01
    0.59874E+01    0.15486E+01
    0.61084E+01    0.14747E+01
    0.62318E+01    0.14042E+01
    0.63577E+01    0.13370E+01
    0.64861E+01    0.12728E+01
    0.66171E+01    0.12116E+01
    0.67508E+01    0.11532E+01
    0.68872E+01    0.10975E+01
    0.70263E+01    0.10444E+01
    0.71682E+01    0.99380E+00
    0.73130E+01    0.94553E+00
    0.74608E+01    0.89951E+00
    0.76115E+01    0.85565E+00
    0.77653E+01    0.81385E+00
    0.79221E+01    0.77401E+00
    0.80822E+01    0.73604E+00
    0.82454E+01    0.69987E+00
    0.84120E+01    0.66541E+00
    0.85819E+01    0.63258E+00
    0.87553E+01    0.60131E+00
    0.89322E+01    0.57153E+00
    0.91126E+01    0.54317E+00
    0.92967E+01    0.51617E+00
    0.94845E+01    0.49046E+00
    0.96761E+01    0.46600E+00
    0.98716E+01    0.44271E+00
    0.10071E+02    0.42056E+00
    0.10274E+02    0.39949E+00
    0.10482E+02    0.37946E+00
    0.10694E+02    0.36040E+00
    0.10910E+02    0.34229E+00
    0.11130E+02    0.32507E+00
    0.11355E+02    0.30871E+00
    0.11584E+02    0.29316E+00
    0.11818E+02    0.27839E+00
    0.12057E+02    0.26435E+00
    0.12301E+02    0.25102E+00
    0.12549E+02    0.23836E+00
