    0.10000E-03    0.56947E+03
    0.10202E-03    0.58051E+03
    0.10408E-03    0.59175E+03
    0.10618E-03    0.60322E+03
    0.10833E-03    0.61490E+03
    0.11052E-03    0.62682E+03
    0.11275E-03    0.63896E+03
    0.11503E-03    0.65133E+03
    0.11735E-03    0.66395E+03
    0.11972E-03    0.67681E+03
    0.12214E-03    0.68992E+03
    0.12461E-03    0.70328E+03
    0.12712E-03    0.71690E+03
    0.12969E-03    0.73079E+03
    0.13231E-03    0.74494E+03
    0.13499E-03    0.75937E+03
    0.13771E-03    0.77407E+03
    0.14049E-03    0.78906E+03
    0.14333E-03    0.80434E+03
    0.14623E-03    0.81991E+03
    0.14918E-03    0.83579E+03
    0.15220E-03    0.85197E+03
    0.15527E-03    0.86846E+03
    0.15841E-03    0.88527E+03
    0.16161E-03    0.90241E+03
    0.16487E-03    0.91988E+03
    0.16820E-03    0.93768E+03
    0.17160E-03    0.95583E+03
    0.17507E-03    0.97432E+03
    0.17860E-03    0.99318E+03
    0.18221E-03    0.10124E+04
    0.18589E-03    0.10320E+04
    0.18965E-03    0.10519E+04
    0.19348E-03    0.10723E+04
    0.19739E-03    0.10930E+04
    0.20138E-03    0.11142E+04
    0.20544E-03    0.11357E+04
    0.20959E-03    0.11577E+04
    0.21383E-03    0.11801E+04
    0.21815E-03    0.12029E+04
    0.22255E-03    0.12261E+04
    0.22705E-03    0.12498E+04
    0.23164E-03    0.12740E+04
    0.23632E-03    0.12986E+04
    0.24109E-03    0.13237E+04
    0.24596E-03    0.13493E+04
    0.25093E-03    0.13754E+04
    0.25600E-03    0.14019E+04
    0.26117E-03    0.14290E+04
    0.26645E-03    0.14566E+04
    0.27183E-03    0.14847E+04
    0.27732E-03    0.15134E+04
    0.28292E-03    0.15426E+04
    0.28864E-03    0.15723E+04
    0.29447E-03    0.16027E+04
    0.30042E-03    0.16336E+04
    0.30649E-03    0.16651E+04
    0.31268E-03    0.16972E+04
    0.31899E-03    0.17299E+04
    0.32544E-03    0.17633E+04
    0.33201E-03    0.17973E+04
    0.33872E-03    0.18319E+04
    0.34556E-03    0.18672E+04
    0.35254E-03    0.19031E+04
    0.35966E-03    0.19398E+04
    0.36693E-03    0.19771E+04
    0.37434E-03    0.20151E+04
    0.38190E-03    0.20539E+04
    0.38962E-03    0.20934E+04
    0.39749E-03    0.21336E+04
    0.40552E-03    0.21746E+04
    0.41371E-03    0.22164E+04
    0.42207E-03    0.22590E+04
    0.43060E-03    0.23023E+04
    0.43929E-03    0.23465E+04
    0.44817E-03    0.23915E+04
    0.45722E-03    0.24374E+04
    0.46646E-03    0.24841E+04
    0.47588E-03    0.25317E+04
    0.48550E-03    0.25802E+04
    0.49530E-03    0.26296E+04
    0.50531E-03    0.26799E+04
    0.51552E-03    0.27312E+04
    0.52593E-03    0.27834E+04
    0.53656E-03    0.28366E+04
    0.54739E-03    0.28908E+04
    0.55845E-03    0.29460E+04
    0.56973E-03    0.30022E+04
    0.58124E-03    0.30594E+04
    0.59299E-03    0.31177E+04
    0.60496E-03    0.31771E+04
    0.61719E-03    0.32376E+04
    0.62965E-03    0.32991E+04
    0.64237E-03    0.33619E+04
    0.65535E-03    0.34257E+04
    0.66859E-03    0.34907E+04
    0.68210E-03    0.35570E+04
    0.69588E-03    0.36244E+04
    0.70993E-03    0.36930E+04
    0.72427E-03    0.37629E+04
    0.73891E-03    0.38341E+04
    0.75383E-03    0.39065E+04
    0.76906E-03    0.39803E+04
    0.78460E-03    0.40554E+04
    0.80045E-03    0.41318E+04
    0.81662E-03    0.42096E+04
    0.83311E-03    0.42888E+04
    0.84994E-03    0.43693E+04
    0.86711E-03    0.44514E+04
    0.88463E-03    0.45348E+04
    0.90250E-03    0.46198E+04
    0.92073E-03    0.47062E+04
    0.93933E-03    0.47942E+04
    0.95831E-03    0.48837E+04
    0.97767E-03    0.49748E+04
    0.99742E-03    0.50674E+04
    0.10176E-02    0.51617E+04
    0.10381E-02    0.52576E+04
    0.10591E-02    0.53551E+04
    0.10805E-02    0.54544E+04
    0.11023E-02    0.55553E+04
    0.11246E-02    0.56579E+04
    0.11473E-02    0.57623E+04
    0.11705E-02    0.58684E+04
    0.11941E-02    0.59763E+04
    0.12182E-02    0.60861E+04
    0.12429E-02    0.61976E+04
    0.12680E-02    0.63110E+04
    0.12936E-02    0.64263E+04
    0.13197E-02    0.65435E+04
    0.13464E-02    0.66626E+04
    0.13736E-02    0.67836E+04
    0.14013E-02    0.69066E+04
    0.14296E-02    0.70315E+04
    0.14585E-02    0.71585E+04
    0.14880E-02    0.72875E+04
    0.15180E-02    0.74185E+04
    0.15487E-02    0.75515E+04
    0.15800E-02    0.76867E+04
    0.16119E-02    0.78239E+04
    0.16445E-02    0.79633E+04
    0.16777E-02    0.81048E+04
    0.17116E-02    0.82484E+04
    0.17462E-02    0.83942E+04
    0.17814E-02    0.85422E+04
    0.18174E-02    0.86923E+04
    0.18541E-02    0.88447E+04
    0.18916E-02    0.89993E+04
    0.19298E-02    0.91561E+04
    0.19688E-02    0.93152E+04
    0.20086E-02    0.94765E+04
    0.20491E-02    0.96401E+04
    0.20905E-02    0.98059E+04
    0.21328E-02    0.99741E+04
    0.21758E-02    0.10144E+05
    0.22198E-02    0.10317E+05
    0.22646E-02    0.10492E+05
    0.23104E-02    0.10670E+05
    0.23571E-02    0.10849E+05
    0.24047E-02    0.11031E+05
    0.24533E-02    0.11215E+05
    0.25028E-02    0.11402E+05
    0.25534E-02    0.11591E+05
    0.26050E-02    0.11782E+05
    0.26576E-02    0.11975E+05
    0.27113E-02    0.12171E+05
    0.27660E-02    0.12369E+05
    0.28219E-02    0.12569E+05
    0.28789E-02    0.12772E+05
    0.29371E-02    0.12976E+05
    0.29964E-02    0.13183E+05
    0.30569E-02    0.13392E+05
    0.31187E-02    0.13604E+05
    0.31817E-02    0.13817E+05
    0.32460E-02    0.14033E+05
    0.33115E-02    0.14250E+05
    0.33784E-02    0.14470E+05
    0.34467E-02    0.14692E+05
    0.35163E-02    0.14916E+05
    0.35874E-02    0.15141E+05
    0.36598E-02    0.15369E+05
    0.37338E-02    0.15598E+05
    0.38092E-02    0.15830E+05
    0.38861E-02    0.16063E+05
    0.39646E-02    0.16298E+05
    0.40447E-02    0.16534E+05
    0.41264E-02    0.16772E+05
    0.42098E-02    0.17012E+05
    0.42948E-02    0.17253E+05
    0.43816E-02    0.17495E+05
    0.44701E-02    0.17739E+05
    0.45604E-02    0.17984E+05
    0.46525E-02    0.18231E+05
    0.47465E-02    0.18478E+05
    0.48424E-02    0.18726E+05
    0.49402E-02    0.18976E+05
    0.50400E-02    0.19226E+05
    0.51419E-02    0.19477E+05
    0.52457E-02    0.19728E+05
    0.53517E-02    0.19980E+05
    0.54598E-02    0.20233E+05
    0.55701E-02    0.20486E+05
    0.56826E-02    0.20739E+05
    0.57974E-02    0.20992E+05
    0.59145E-02    0.21244E+05
    0.60340E-02    0.21497E+05
    0.61559E-02    0.21749E+05
    0.62803E-02    0.22000E+05
    0.64072E-02    0.22251E+05
    0.65366E-02    0.22500E+05
    0.66686E-02    0.22749E+05
    0.68033E-02    0.22997E+05
    0.69408E-02    0.23243E+05
    0.70810E-02    0.23488E+05
    0.72240E-02    0.23731E+05
    0.73700E-02    0.23972E+05
    0.75189E-02    0.24211E+05
    0.76708E-02    0.24447E+05
    0.78257E-02    0.24681E+05
    0.79838E-02    0.24912E+05
    0.81451E-02    0.25141E+05
    0.83096E-02    0.25366E+05
    0.84775E-02    0.25587E+05
    0.86488E-02    0.25805E+05
    0.88235E-02    0.26019E+05
    0.90017E-02    0.26229E+05
    0.91836E-02    0.26435E+05
    0.93691E-02    0.26636E+05
    0.95583E-02    0.26832E+05
    0.97514E-02    0.27022E+05
    0.99484E-02    0.27208E+05
    0.10149E-01    0.27387E+05
    0.10354E-01    0.27561E+05
    0.10564E-01    0.27728E+05
    0.10777E-01    0.27888E+05
    0.10995E-01    0.28042E+05
    0.11217E-01    0.28188E+05
    0.11443E-01    0.28327E+05
    0.11675E-01    0.28457E+05
    0.11910E-01    0.28580E+05
    0.12151E-01    0.28694E+05
    0.12397E-01    0.28800E+05
    0.12647E-01    0.28897E+05
    0.12902E-01    0.28984E+05
    0.13163E-01    0.29062E+05
    0.13429E-01    0.29129E+05
    0.13700E-01    0.29185E+05
    0.13977E-01    0.29228E+05
    0.14259E-01    0.29260E+05
    0.14547E-01    0.29282E+05
    0.14841E-01    0.29294E+05
    0.15141E-01    0.29299E+05
    0.15447E-01    0.29296E+05
    0.15759E-01    0.29286E+05
    0.16077E-01    0.29264E+05
    0.16402E-01    0.29230E+05
    0.16734E-01    0.29179E+05
    0.17072E-01    0.29111E+05
    0.17416E-01    0.29026E+05
    0.17768E-01    0.28925E+05
    0.18127E-01    0.28809E+05
    0.18493E-01    0.28679E+05
    0.18867E-01    0.28538E+05
    0.19248E-01    0.28384E+05
    0.19637E-01    0.28216E+05
    0.20034E-01    0.28032E+05
    0.20438E-01    0.27831E+05
    0.20851E-01    0.27612E+05
    0.21272E-01    0.27376E+05
    0.21702E-01    0.27124E+05
    0.22141E-01    0.26859E+05
    0.22588E-01    0.26583E+05
    0.23044E-01    0.26296E+05
    0.23510E-01    0.26000E+05
    0.23985E-01    0.25694E+05
    0.24469E-01    0.25380E+05
    0.24964E-01    0.25056E+05
    0.25468E-01    0.24723E+05
    0.25982E-01    0.24381E+05
    0.26507E-01    0.24030E+05
    0.27043E-01    0.23670E+05
    0.27589E-01    0.23300E+05
    0.28146E-01    0.22922E+05
    0.28715E-01    0.22537E+05
    0.29295E-01    0.22144E+05
    0.29887E-01    0.21746E+05
    0.30490E-01    0.21344E+05
    0.31106E-01    0.20938E+05
    0.31735E-01    0.20530E+05
    0.32376E-01    0.20123E+05
    0.33030E-01    0.19716E+05
    0.33697E-01    0.19313E+05
    0.34378E-01    0.18913E+05
    0.35072E-01    0.18519E+05
    0.35781E-01    0.18130E+05
    0.36504E-01    0.17748E+05
    0.37241E-01    0.17373E+05
    0.37993E-01    0.17006E+05
    0.38761E-01    0.16648E+05
    0.39544E-01    0.16300E+05
    0.40343E-01    0.15961E+05
    0.41158E-01    0.15632E+05
    0.41989E-01    0.15314E+05
    0.42838E-01    0.15009E+05
    0.43703E-01    0.14716E+05
    0.44586E-01    0.14437E+05
    0.45486E-01    0.14173E+05
    0.46405E-01    0.13924E+05
    0.47343E-01    0.13688E+05
    0.48299E-01    0.13464E+05
    0.49275E-01    0.13252E+05
    0.50270E-01    0.13050E+05
    0.51286E-01    0.12857E+05
    0.52322E-01    0.12671E+05
    0.53379E-01    0.12493E+05
    0.54457E-01    0.12321E+05
    0.55557E-01    0.12154E+05
    0.56680E-01    0.11990E+05
    0.57825E-01    0.11829E+05
    0.58993E-01    0.11669E+05
    0.60184E-01    0.11507E+05
    0.61400E-01    0.11342E+05
    0.62641E-01    0.11173E+05
    0.63906E-01    0.10996E+05
    0.65197E-01    0.10808E+05
    0.66514E-01    0.10607E+05
    0.67858E-01    0.10395E+05
    0.69229E-01    0.10172E+05
    0.70627E-01    0.99419E+04
    0.72054E-01    0.97019E+04
    0.73510E-01    0.94478E+04
    0.74994E-01    0.91766E+04
    0.76509E-01    0.88914E+04
    0.78055E-01    0.85978E+04
    0.79632E-01    0.83002E+04
    0.81241E-01    0.80011E+04
    0.82882E-01    0.77022E+04
    0.84556E-01    0.74062E+04
    0.86264E-01    0.71160E+04
    0.88007E-01    0.68344E+04
    0.89785E-01    0.65645E+04
    0.91598E-01    0.63089E+04
    0.93449E-01    0.60697E+04
    0.95337E-01    0.58492E+04
    0.97263E-01    0.56493E+04
    0.99227E-01    0.54706E+04
    0.10123E+00    0.53130E+04
    0.10328E+00    0.51757E+04
    0.10536E+00    0.50566E+04
    0.10749E+00    0.49531E+04
    0.10966E+00    0.48620E+04
    0.11188E+00    0.47793E+04
    0.11414E+00    0.47011E+04
    0.11644E+00    0.46233E+04
    0.11880E+00    0.45420E+04
    0.12120E+00    0.44539E+04
    0.12365E+00    0.43561E+04
    0.12614E+00    0.42465E+04
    0.12869E+00    0.41242E+04
    0.13129E+00    0.39894E+04
    0.13394E+00    0.38432E+04
    0.13665E+00    0.36880E+04
    0.13941E+00    0.35270E+04
    0.14223E+00    0.33643E+04
    0.14510E+00    0.32042E+04
    0.14803E+00    0.30516E+04
    0.15102E+00    0.29105E+04
    0.15407E+00    0.27844E+04
    0.15718E+00    0.26750E+04
    0.16036E+00    0.25824E+04
    0.16360E+00    0.25050E+04
    0.16690E+00    0.24402E+04
    0.17028E+00    0.23847E+04
    0.17371E+00    0.23349E+04
    0.17722E+00    0.22868E+04
    0.18080E+00    0.22359E+04
    0.18446E+00    0.21785E+04
    0.18818E+00    0.21120E+04
    0.19198E+00    0.20361E+04
    0.19586E+00    0.19526E+04
    0.19982E+00    0.18646E+04
    0.20386E+00    0.17758E+04
    0.20797E+00    0.16898E+04
    0.21218E+00    0.16101E+04
    0.21646E+00    0.15395E+04
    0.22083E+00    0.14792E+04
    0.22530E+00    0.14288E+04
    0.22985E+00    0.13863E+04
    0.23449E+00    0.13488E+04
    0.23923E+00    0.13129E+04
    0.24406E+00    0.12751E+04
    0.24899E+00    0.12333E+04
    0.25402E+00    0.11868E+04
    0.25915E+00    0.11367E+04
    0.26439E+00    0.10850E+04
    0.26973E+00    0.10344E+04
    0.27518E+00    0.98743E+03
    0.28074E+00    0.94573E+03
    0.28641E+00    0.90970E+03
    0.29219E+00    0.87832E+03
    0.29810E+00    0.84973E+03
    0.30412E+00    0.82182E+03
    0.31026E+00    0.79283E+03
    0.31653E+00    0.76196E+03
    0.32292E+00    0.72967E+03
    0.32945E+00    0.69732E+03
    0.33610E+00    0.66643E+03
    0.34289E+00    0.63813E+03
    0.34982E+00    0.61275E+03
    0.35689E+00    0.58976E+03
    0.36409E+00    0.56811E+03
    0.37145E+00    0.54670E+03
    0.37895E+00    0.52488E+03
    0.38661E+00    0.50275E+03
    0.39442E+00    0.48099E+03
    0.40239E+00    0.46032E+03
    0.41052E+00    0.44115E+03
    0.41881E+00    0.42344E+03
    0.42727E+00    0.40669E+03
    0.43590E+00    0.39038E+03
    0.44471E+00    0.37422E+03
    0.45369E+00    0.35828E+03
    0.46286E+00    0.34291E+03
    0.47221E+00    0.32838E+03
    0.48174E+00    0.31470E+03
    0.49148E+00    0.30171E+03
    0.50141E+00    0.28914E+03
    0.51153E+00    0.27688E+03
    0.52187E+00    0.26500E+03
    0.53241E+00    0.25362E+03
    0.54317E+00    0.24282E+03
    0.55414E+00    0.23252E+03
    0.56533E+00    0.22262E+03
    0.57675E+00    0.21304E+03
    0.58840E+00    0.20383E+03
    0.60029E+00    0.19501E+03
    0.61242E+00    0.18657E+03
    0.62479E+00    0.17850E+03
    0.63741E+00    0.17076E+03
    0.65029E+00    0.16333E+03
    0.66342E+00    0.15621E+03
    0.67683E+00    0.14937E+03
    0.69050E+00    0.14281E+03
    0.70445E+00    0.13654E+03
    0.71868E+00    0.13053E+03
    0.73320E+00    0.12477E+03
    0.74801E+00    0.11925E+03
    0.76312E+00    0.11397E+03
    0.77854E+00    0.10892E+03
    0.79426E+00    0.10407E+03
    0.81031E+00    0.99434E+02
    0.82668E+00    0.94995E+02
    0.84338E+00    0.90745E+02
    0.86041E+00    0.86678E+02
    0.87780E+00    0.82786E+02
    0.89553E+00    0.79061E+02
    0.91362E+00    0.75498E+02
    0.93208E+00    0.72089E+02
    0.95091E+00    0.68828E+02
    0.97011E+00    0.65710E+02
    0.98971E+00    0.62727E+02
    0.10097E+01    0.59874E+02
    0.10301E+01    0.57147E+02
    0.10509E+01    0.54540E+02
    0.10721E+01    0.52047E+02
    0.10938E+01    0.49664E+02
    0.11159E+01    0.47387E+02
    0.11384E+01    0.45210E+02
    0.11614E+01    0.43130E+02
    0.11849E+01    0.41143E+02
    0.12088E+01    0.39244E+02
    0.12333E+01    0.37430E+02
    0.12582E+01    0.35697E+02
    0.12836E+01    0.34042E+02
    0.13095E+01    0.32461E+02
    0.13360E+01    0.30952E+02
    0.13630E+01    0.29510E+02
    0.13905E+01    0.28134E+02
    0.14186E+01    0.26819E+02
    0.14472E+01    0.25565E+02
    0.14765E+01    0.24367E+02
    0.15063E+01    0.23224E+02
    0.15367E+01    0.22133E+02
    0.15678E+01    0.21092E+02
    0.15994E+01    0.20098E+02
    0.16318E+01    0.19150E+02
    0.16647E+01    0.18246E+02
    0.16984E+01    0.17383E+02
    0.17327E+01    0.16560E+02
    0.17677E+01    0.15775E+02
    0.18034E+01    0.15026E+02
    0.18398E+01    0.14311E+02
    0.18770E+01    0.13630E+02
    0.19149E+01    0.12981E+02
    0.19536E+01    0.12361E+02
    0.19930E+01    0.11771E+02
    0.20333E+01    0.11208E+02
    0.20744E+01    0.10671E+02
    0.21163E+01    0.10159E+02
    0.21590E+01    0.96717E+01
    0.22026E+01    0.92069E+01
    0.22471E+01    0.87639E+01
    0.22925E+01    0.83418E+01
    0.23388E+01    0.79396E+01
    0.23861E+01    0.75563E+01
    0.24343E+01    0.71911E+01
    0.24835E+01    0.68432E+01
    0.25336E+01    0.65117E+01
    0.25848E+01    0.61960E+01
    0.26370E+01    0.58953E+01
    0.26903E+01    0.56088E+01
    0.27447E+01    0.53360E+01
    0.28001E+01    0.50762E+01
    0.28567E+01    0.48288E+01
    0.29144E+01    0.45932E+01
    0.29733E+01    0.43689E+01
    0.30333E+01    0.41553E+01
    0.30946E+01    0.39520E+01
    0.31571E+01    0.37584E+01
    0.32209E+01    0.35741E+01
    0.32860E+01    0.33987E+01
    0.33523E+01    0.32318E+01
    0.34201E+01    0.30729E+01
    0.34892E+01    0.29217E+01
    0.35596E+01    0.27777E+01
    0.36316E+01    0.26408E+01
    0.37049E+01    0.25105E+01
    0.37798E+01    0.23865E+01
    0.38561E+01    0.22685E+01
    0.39340E+01    0.21562E+01
    0.40135E+01    0.20494E+01
    0.40946E+01    0.19478E+01
    0.41773E+01    0.18512E+01
    0.42617E+01    0.17593E+01
    0.43478E+01    0.16718E+01
    0.44356E+01    0.15887E+01
    0.45252E+01    0.15096E+01
    0.46166E+01    0.14344E+01
    0.47099E+01    0.13629E+01
    0.48050E+01    0.12948E+01
    0.49021E+01    0.12302E+01
    0.50011E+01    0.11687E+01
    0.51021E+01    0.11102E+01
    0.52052E+01    0.10546E+01
    0.53104E+01    0.10018E+01
    0.54176E+01    0.95156E+00
    0.55271E+01    0.90381E+00
    0.56387E+01    0.85842E+00
    0.57526E+01    0.81528E+00
    0.58689E+01    0.77428E+00
    0.59874E+01    0.73531E+00
    0.61084E+01    0.69828E+00
    0.62318E+01    0.66309E+00
    0.63577E+01    0.62965E+00
    0.64861E+01    0.59787E+00
    0.66171E+01    0.56768E+00
    0.67508E+01    0.53899E+00
    0.68872E+01    0.51174E+00
    0.70263E+01    0.48584E+00
    0.71682E+01    0.46124E+00
    0.73130E+01    0.43787E+00
    0.74608E+01    0.41566E+00
    0.76115E+01    0.39457E+00
    0.77653E+01    0.37453E+00
    0.79221E+01    0.35550E+00
    0.80822E+01    0.33742E+00
    0.82454E+01    0.32024E+00
    0.84120E+01    0.30393E+00
    0.85819E+01    0.28844E+00
    0.87553E+01    0.27373E+00
    0.89322E+01    0.25976E+00
    0.91126E+01    0.24648E+00
    0.92967E+01    0.23388E+00
    0.94845E+01    0.22192E+00
    0.96761E+01    0.21056E+00
    0.98716E+01    0.19977E+00
    0.10071E+02    0.18953E+00
    0.10274E+02    0.17981E+00
    0.10482E+02    0.17058E+00
    0.10694E+02    0.16183E+00
    0.10910E+02    0.15352E+00
    0.11130E+02    0.14563E+00
    0.11355E+02    0.13815E+00
    0.11584E+02    0.13105E+00
    0.11818E+02    0.12431E+00
    0.12057E+02    0.11792E+00
    0.12301E+02    0.11185E+00
    0.12549E+02    0.10610E+00
