    0.10000E-03    0.74784E+03
    0.10202E-03    0.76230E+03
    0.10408E-03    0.77703E+03
    0.10618E-03    0.79205E+03
    0.10833E-03    0.80736E+03
    0.11052E-03    0.82297E+03
    0.11275E-03    0.83887E+03
    0.11503E-03    0.85509E+03
    0.11735E-03    0.87161E+03
    0.11972E-03    0.88846E+03
    0.12214E-03    0.90563E+03
    0.12461E-03    0.92313E+03
    0.12712E-03    0.94096E+03
    0.12969E-03    0.95915E+03
    0.13231E-03    0.97768E+03
    0.13499E-03    0.99657E+03
    0.13771E-03    0.10158E+04
    0.14049E-03    0.10354E+04
    0.14333E-03    0.10554E+04
    0.14623E-03    0.10758E+04
    0.14918E-03    0.10966E+04
    0.15220E-03    0.11178E+04
    0.15527E-03    0.11394E+04
    0.15841E-03    0.11614E+04
    0.16161E-03    0.11838E+04
    0.16487E-03    0.12067E+04
    0.16820E-03    0.12300E+04
    0.17160E-03    0.12537E+04
    0.17507E-03    0.12779E+04
    0.17860E-03    0.13026E+04
    0.18221E-03    0.13277E+04
    0.18589E-03    0.13534E+04
    0.18965E-03    0.13795E+04
    0.19348E-03    0.14061E+04
    0.19739E-03    0.14332E+04
    0.20138E-03    0.14609E+04
    0.20544E-03    0.14890E+04
    0.20959E-03    0.15178E+04
    0.21383E-03    0.15470E+04
    0.21815E-03    0.15769E+04
    0.22255E-03    0.16073E+04
    0.22705E-03    0.16383E+04
    0.23164E-03    0.16698E+04
    0.23632E-03    0.17020E+04
    0.24109E-03    0.17348E+04
    0.24596E-03    0.17682E+04
    0.25093E-03    0.18023E+04
    0.25600E-03    0.18370E+04
    0.26117E-03    0.18724E+04
    0.26645E-03    0.19085E+04
    0.27183E-03    0.19452E+04
    0.27732E-03    0.19826E+04
    0.28292E-03    0.20208E+04
    0.28864E-03    0.20597E+04
    0.29447E-03    0.20993E+04
    0.30042E-03    0.21397E+04
    0.30649E-03    0.21808E+04
    0.31268E-03    0.22227E+04
    0.31899E-03    0.22654E+04
    0.32544E-03    0.23090E+04
    0.33201E-03    0.23533E+04
    0.33872E-03    0.23985E+04
    0.34556E-03    0.24445E+04
    0.35254E-03    0.24914E+04
    0.35966E-03    0.25392E+04
    0.36693E-03    0.25879E+04
    0.37434E-03    0.26376E+04
    0.38190E-03    0.26881E+04
    0.38962E-03    0.27396E+04
    0.39749E-03    0.27921E+04
    0.40552E-03    0.28456E+04
    0.41371E-03    0.29000E+04
    0.42207E-03    0.29555E+04
    0.43060E-03    0.30120E+04
    0.43929E-03    0.30696E+04
    0.44817E-03    0.31283E+04
    0.45722E-03    0.31880E+04
    0.46646E-03    0.32489E+04
    0.47588E-03    0.33108E+04
    0.48550E-03    0.33740E+04
    0.49530E-03    0.34383E+04
    0.50531E-03    0.35038E+04
    0.51552E-03    0.35705E+04
    0.52593E-03    0.36385E+04
    0.53656E-03    0.37077E+04
    0.54739E-03    0.37781E+04
    0.55845E-03    0.38499E+04
    0.56973E-03    0.39230E+04
    0.58124E-03    0.39974E+04
    0.59299E-03    0.40732E+04
    0.60496E-03    0.41504E+04
    0.61719E-03    0.42289E+04
    0.62965E-03    0.43089E+04
    0.64237E-03    0.43904E+04
    0.65535E-03    0.44733E+04
    0.66859E-03    0.45577E+04
    0.68210E-03    0.46437E+04
    0.69588E-03    0.47312E+04
    0.70993E-03    0.48203E+04
    0.72427E-03    0.49109E+04
    0.73891E-03    0.50032E+04
    0.75383E-03    0.50971E+04
    0.76906E-03    0.51927E+04
    0.78460E-03    0.52900E+04
    0.80045E-03    0.53890E+04
    0.81662E-03    0.54898E+04
    0.83311E-03    0.55923E+04
    0.84994E-03    0.56966E+04
    0.86711E-03    0.58027E+04
    0.88463E-03    0.59107E+04
    0.90250E-03    0.60206E+04
    0.92073E-03    0.61324E+04
    0.93933E-03    0.62461E+04
    0.95831E-03    0.63617E+04
    0.97767E-03    0.64793E+04
    0.99742E-03    0.65990E+04
    0.10176E-02    0.67206E+04
    0.10381E-02    0.68444E+04
    0.10591E-02    0.69702E+04
    0.10805E-02    0.70981E+04
    0.11023E-02    0.72281E+04
    0.11246E-02    0.73604E+04
    0.11473E-02    0.74948E+04
    0.11705E-02    0.76314E+04
    0.11941E-02    0.77703E+04
    0.12182E-02    0.79114E+04
    0.12429E-02    0.80548E+04
    0.12680E-02    0.82005E+04
    0.12936E-02    0.83486E+04
    0.13197E-02    0.84990E+04
    0.13464E-02    0.86518E+04
    0.13736E-02    0.88070E+04
    0.14013E-02    0.89647E+04
    0.14296E-02    0.91248E+04
    0.14585E-02    0.92874E+04
    0.14880E-02    0.94524E+04
    0.15180E-02    0.96200E+04
    0.15487E-02    0.97901E+04
    0.15800E-02    0.99628E+04
    0.16119E-02    0.10138E+05
    0.16445E-02    0.10316E+05
    0.16777E-02    0.10496E+05
    0.17116E-02    0.10679E+05
    0.17462E-02    0.10865E+05
    0.17814E-02    0.11053E+05
    0.18174E-02    0.11244E+05
    0.18541E-02    0.11438E+05
    0.18916E-02    0.11634E+05
    0.19298E-02    0.11833E+05
    0.19688E-02    0.12035E+05
    0.20086E-02    0.12240E+05
    0.20491E-02    0.12447E+05
    0.20905E-02    0.12657E+05
    0.21328E-02    0.12869E+05
    0.21758E-02    0.13085E+05
    0.22198E-02    0.13303E+05
    0.22646E-02    0.13523E+05
    0.23104E-02    0.13747E+05
    0.23571E-02    0.13973E+05
    0.24047E-02    0.14202E+05
    0.24533E-02    0.14433E+05
    0.25028E-02    0.14668E+05
    0.25534E-02    0.14904E+05
    0.26050E-02    0.15144E+05
    0.26576E-02    0.15386E+05
    0.27113E-02    0.15631E+05
    0.27660E-02    0.15878E+05
    0.28219E-02    0.16128E+05
    0.28789E-02    0.16380E+05
    0.29371E-02    0.16635E+05
    0.29964E-02    0.16893E+05
    0.30569E-02    0.17152E+05
    0.31187E-02    0.17415E+05
    0.31817E-02    0.17679E+05
    0.32460E-02    0.17946E+05
    0.33115E-02    0.18215E+05
    0.33784E-02    0.18486E+05
    0.34467E-02    0.18760E+05
    0.35163E-02    0.19035E+05
    0.35874E-02    0.19313E+05
    0.36598E-02    0.19592E+05
    0.37338E-02    0.19873E+05
    0.38092E-02    0.20156E+05
    0.38861E-02    0.20441E+05
    0.39646E-02    0.20728E+05
    0.40447E-02    0.21016E+05
    0.41264E-02    0.21306E+05
    0.42098E-02    0.21597E+05
    0.42948E-02    0.21889E+05
    0.43816E-02    0.22182E+05
    0.44701E-02    0.22477E+05
    0.45604E-02    0.22772E+05
    0.46525E-02    0.23068E+05
    0.47465E-02    0.23366E+05
    0.48424E-02    0.23663E+05
    0.49402E-02    0.23962E+05
    0.50400E-02    0.24260E+05
    0.51419E-02    0.24559E+05
    0.52457E-02    0.24858E+05
    0.53517E-02    0.25157E+05
    0.54598E-02    0.25455E+05
    0.55701E-02    0.25753E+05
    0.56826E-02    0.26050E+05
    0.57974E-02    0.26347E+05
    0.59145E-02    0.26642E+05
    0.60340E-02    0.26936E+05
    0.61559E-02    0.27229E+05
    0.62803E-02    0.27520E+05
    0.64072E-02    0.27810E+05
    0.65366E-02    0.28097E+05
    0.66686E-02    0.28382E+05
    0.68033E-02    0.28665E+05
    0.69408E-02    0.28945E+05
    0.70810E-02    0.29222E+05
    0.72240E-02    0.29496E+05
    0.73700E-02    0.29767E+05
    0.75189E-02    0.30034E+05
    0.76708E-02    0.30297E+05
    0.78257E-02    0.30556E+05
    0.79838E-02    0.30810E+05
    0.81451E-02    0.31060E+05
    0.83096E-02    0.31304E+05
    0.84775E-02    0.31543E+05
    0.86488E-02    0.31776E+05
    0.88235E-02    0.32004E+05
    0.90017E-02    0.32225E+05
    0.91836E-02    0.32440E+05
    0.93691E-02    0.32647E+05
    0.95583E-02    0.32848E+05
    0.97514E-02    0.33041E+05
    0.99484E-02    0.33225E+05
    0.10149E-01    0.33402E+05
    0.10354E-01    0.33570E+05
    0.10564E-01    0.33728E+05
    0.10777E-01    0.33878E+05
    0.10995E-01    0.34018E+05
    0.11217E-01    0.34147E+05
    0.11443E-01    0.34266E+05
    0.11675E-01    0.34374E+05
    0.11910E-01    0.34471E+05
    0.12151E-01    0.34556E+05
    0.12397E-01    0.34629E+05
    0.12647E-01    0.34690E+05
    0.12902E-01    0.34739E+05
    0.13163E-01    0.34775E+05
    0.13429E-01    0.34799E+05
    0.13700E-01    0.34808E+05
    0.13977E-01    0.34802E+05
    0.14259E-01    0.34781E+05
    0.14547E-01    0.34743E+05
    0.14841E-01    0.34688E+05
    0.15141E-01    0.34619E+05
    0.15447E-01    0.34538E+05
    0.15759E-01    0.34447E+05
    0.16077E-01    0.34347E+05
    0.16402E-01    0.34238E+05
    0.16734E-01    0.34117E+05
    0.17072E-01    0.33981E+05
    0.17416E-01    0.33826E+05
    0.17768E-01    0.33649E+05
    0.18127E-01    0.33450E+05
    0.18493E-01    0.33228E+05
    0.18867E-01    0.32984E+05
    0.19248E-01    0.32720E+05
    0.19637E-01    0.32436E+05
    0.20034E-01    0.32132E+05
    0.20438E-01    0.31812E+05
    0.20851E-01    0.31476E+05
    0.21272E-01    0.31127E+05
    0.21702E-01    0.30766E+05
    0.22141E-01    0.30393E+05
    0.22588E-01    0.30010E+05
    0.23044E-01    0.29616E+05
    0.23510E-01    0.29213E+05
    0.23985E-01    0.28799E+05
    0.24469E-01    0.28377E+05
    0.24964E-01    0.27944E+05
    0.25468E-01    0.27501E+05
    0.25982E-01    0.27049E+05
    0.26507E-01    0.26587E+05
    0.27043E-01    0.26116E+05
    0.27589E-01    0.25637E+05
    0.28146E-01    0.25153E+05
    0.28715E-01    0.24665E+05
    0.29295E-01    0.24173E+05
    0.29887E-01    0.23680E+05
    0.30490E-01    0.23188E+05
    0.31106E-01    0.22698E+05
    0.31735E-01    0.22213E+05
    0.32376E-01    0.21733E+05
    0.33030E-01    0.21261E+05
    0.33697E-01    0.20797E+05
    0.34378E-01    0.20341E+05
    0.35072E-01    0.19896E+05
    0.35781E-01    0.19462E+05
    0.36504E-01    0.19039E+05
    0.37241E-01    0.18628E+05
    0.37993E-01    0.18231E+05
    0.38761E-01    0.17846E+05
    0.39544E-01    0.17476E+05
    0.40343E-01    0.17121E+05
    0.41158E-01    0.16782E+05
    0.41989E-01    0.16460E+05
    0.42838E-01    0.16157E+05
    0.43703E-01    0.15873E+05
    0.44586E-01    0.15605E+05
    0.45486E-01    0.15354E+05
    0.46405E-01    0.15117E+05
    0.47343E-01    0.14892E+05
    0.48299E-01    0.14678E+05
    0.49275E-01    0.14476E+05
    0.50270E-01    0.14282E+05
    0.51286E-01    0.14097E+05
    0.52322E-01    0.13919E+05
    0.53379E-01    0.13746E+05
    0.54457E-01    0.13575E+05
    0.55557E-01    0.13405E+05
    0.56680E-01    0.13234E+05
    0.57825E-01    0.13058E+05
    0.58993E-01    0.12877E+05
    0.60184E-01    0.12686E+05
    0.61400E-01    0.12483E+05
    0.62641E-01    0.12263E+05
    0.63906E-01    0.12028E+05
    0.65197E-01    0.11781E+05
    0.66514E-01    0.11523E+05
    0.67858E-01    0.11256E+05
    0.69229E-01    0.10972E+05
    0.70627E-01    0.10667E+05
    0.72054E-01    0.10343E+05
    0.73510E-01    0.10006E+05
    0.74994E-01    0.96627E+04
    0.76509E-01    0.93165E+04
    0.78055E-01    0.89697E+04
    0.79632E-01    0.86250E+04
    0.81241E-01    0.82864E+04
    0.82882E-01    0.79575E+04
    0.84556E-01    0.76423E+04
    0.86264E-01    0.73443E+04
    0.88007E-01    0.70666E+04
    0.89785E-01    0.68119E+04
    0.91598E-01    0.65826E+04
    0.93449E-01    0.63799E+04
    0.95337E-01    0.62033E+04
    0.97263E-01    0.60517E+04
    0.99227E-01    0.59229E+04
    0.10123E+00    0.58134E+04
    0.10328E+00    0.57194E+04
    0.10536E+00    0.56362E+04
    0.10749E+00    0.55590E+04
    0.10966E+00    0.54827E+04
    0.11188E+00    0.54024E+04
    0.11414E+00    0.53135E+04
    0.11644E+00    0.52121E+04
    0.11880E+00    0.50951E+04
    0.12120E+00    0.49608E+04
    0.12365E+00    0.48092E+04
    0.12614E+00    0.46415E+04
    0.12869E+00    0.44608E+04
    0.13129E+00    0.42713E+04
    0.13394E+00    0.40780E+04
    0.13665E+00    0.38870E+04
    0.13941E+00    0.37042E+04
    0.14223E+00    0.35353E+04
    0.14510E+00    0.33848E+04
    0.14803E+00    0.32552E+04
    0.15102E+00    0.31468E+04
    0.15407E+00    0.30582E+04
    0.15718E+00    0.29863E+04
    0.16036E+00    0.29271E+04
    0.16360E+00    0.28756E+04
    0.16690E+00    0.28263E+04
    0.17028E+00    0.27734E+04
    0.17371E+00    0.27114E+04
    0.17722E+00    0.26371E+04
    0.18080E+00    0.25498E+04
    0.18446E+00    0.24515E+04
    0.18818E+00    0.23458E+04
    0.19198E+00    0.22374E+04
    0.19586E+00    0.21315E+04
    0.19982E+00    0.20332E+04
    0.20386E+00    0.19465E+04
    0.20797E+00    0.18732E+04
    0.21218E+00    0.18130E+04
    0.21646E+00    0.17635E+04
    0.22083E+00    0.17209E+04
    0.22530E+00    0.16808E+04
    0.22985E+00    0.16383E+04
    0.23449E+00    0.15899E+04
    0.23923E+00    0.15345E+04
    0.24406E+00    0.14735E+04
    0.24899E+00    0.14096E+04
    0.25402E+00    0.13463E+04
    0.25915E+00    0.12871E+04
    0.26439E+00    0.12348E+04
    0.26973E+00    0.11901E+04
    0.27518E+00    0.11519E+04
    0.28074E+00    0.11175E+04
    0.28641E+00    0.10841E+04
    0.29219E+00    0.10493E+04
    0.29810E+00    0.10115E+04
    0.30412E+00    0.97111E+03
    0.31026E+00    0.93014E+03
    0.31653E+00    0.89080E+03
    0.32292E+00    0.85465E+03
    0.32945E+00    0.82237E+03
    0.33610E+00    0.79349E+03
    0.34289E+00    0.76649E+03
    0.34982E+00    0.73970E+03
    0.35689E+00    0.71221E+03
    0.36409E+00    0.68401E+03
    0.37145E+00    0.65595E+03
    0.37895E+00    0.62917E+03
    0.38661E+00    0.60435E+03
    0.39442E+00    0.58146E+03
    0.40239E+00    0.55993E+03
    0.41052E+00    0.53895E+03
    0.41881E+00    0.51802E+03
    0.42727E+00    0.49724E+03
    0.43590E+00    0.47707E+03
    0.44471E+00    0.45795E+03
    0.45369E+00    0.43996E+03
    0.46286E+00    0.42287E+03
    0.47221E+00    0.40634E+03
    0.48174E+00    0.39013E+03
    0.49148E+00    0.37435E+03
    0.50141E+00    0.35918E+03
    0.51153E+00    0.34475E+03
    0.52187E+00    0.33097E+03
    0.53241E+00    0.31770E+03
    0.54317E+00    0.30487E+03
    0.55414E+00    0.29246E+03
    0.56533E+00    0.28052E+03
    0.57675E+00    0.26907E+03
    0.58840E+00    0.25810E+03
    0.60029E+00    0.24757E+03
    0.61242E+00    0.23744E+03
    0.62479E+00    0.22771E+03
    0.63741E+00    0.21835E+03
    0.65029E+00    0.20935E+03
    0.66342E+00    0.20070E+03
    0.67683E+00    0.19239E+03
    0.69050E+00    0.18440E+03
    0.70445E+00    0.17673E+03
    0.71868E+00    0.16937E+03
    0.73320E+00    0.16229E+03
    0.74801E+00    0.15550E+03
    0.76312E+00    0.14898E+03
    0.77854E+00    0.14273E+03
    0.79426E+00    0.13673E+03
    0.81031E+00    0.13097E+03
    0.82668E+00    0.12544E+03
    0.84338E+00    0.12014E+03
    0.86041E+00    0.11506E+03
    0.87780E+00    0.11019E+03
    0.89553E+00    0.10551E+03
    0.91362E+00    0.10103E+03
    0.93208E+00    0.96740E+02
    0.95091E+00    0.92622E+02
    0.97011E+00    0.88675E+02
    0.98971E+00    0.84892E+02
    0.10097E+01    0.81267E+02
    0.10301E+01    0.77792E+02
    0.10509E+01    0.74462E+02
    0.10721E+01    0.71271E+02
    0.10938E+01    0.68214E+02
    0.11159E+01    0.65285E+02
    0.11384E+01    0.62479E+02
    0.11614E+01    0.59791E+02
    0.11849E+01    0.57216E+02
    0.12088E+01    0.54750E+02
    0.12333E+01    0.52388E+02
    0.12582E+01    0.50125E+02
    0.12836E+01    0.47959E+02
    0.13095E+01    0.45884E+02
    0.13360E+01    0.43898E+02
    0.13630E+01    0.41996E+02
    0.13905E+01    0.40175E+02
    0.14186E+01    0.38431E+02
    0.14472E+01    0.36762E+02
    0.14765E+01    0.35165E+02
    0.15063E+01    0.33635E+02
    0.15367E+01    0.32171E+02
    0.15678E+01    0.30770E+02
    0.15994E+01    0.29430E+02
    0.16318E+01    0.28146E+02
    0.16647E+01    0.26919E+02
    0.16984E+01    0.25743E+02
    0.17327E+01    0.24619E+02
    0.17677E+01    0.23543E+02
    0.18034E+01    0.22513E+02
    0.18398E+01    0.21528E+02
    0.18770E+01    0.20585E+02
    0.19149E+01    0.19683E+02
    0.19536E+01    0.18820E+02
    0.19930E+01    0.17994E+02
    0.20333E+01    0.17204E+02
    0.20744E+01    0.16448E+02
    0.21163E+01    0.15724E+02
    0.21590E+01    0.15032E+02
    0.22026E+01    0.14370E+02
    0.22471E+01    0.13736E+02
    0.22925E+01    0.13130E+02
    0.23388E+01    0.12550E+02
    0.23861E+01    0.11995E+02
    0.24343E+01    0.11464E+02
    0.24835E+01    0.10956E+02
    0.25336E+01    0.10470E+02
    0.25848E+01    0.10005E+02
    0.26370E+01    0.95608E+01
    0.26903E+01    0.91353E+01
    0.27447E+01    0.87283E+01
    0.28001E+01    0.83389E+01
    0.28567E+01    0.79664E+01
    0.29144E+01    0.76100E+01
    0.29733E+01    0.72691E+01
    0.30333E+01    0.69430E+01
    0.30946E+01    0.66310E+01
    0.31571E+01    0.63326E+01
    0.32209E+01    0.60471E+01
    0.32860E+01    0.57741E+01
    0.33523E+01    0.55130E+01
    0.34201E+01    0.52632E+01
    0.34892E+01    0.50243E+01
    0.35596E+01    0.47959E+01
    0.36316E+01    0.45775E+01
    0.37049E+01    0.43686E+01
    0.37798E+01    0.41688E+01
    0.38561E+01    0.39779E+01
    0.39340E+01    0.37953E+01
    0.40135E+01    0.36208E+01
    0.40946E+01    0.34539E+01
    0.41773E+01    0.32945E+01
    0.42617E+01    0.31420E+01
    0.43478E+01    0.29963E+01
    0.44356E+01    0.28571E+01
    0.45252E+01    0.27240E+01
    0.46166E+01    0.25969E+01
    0.47099E+01    0.24755E+01
    0.48050E+01    0.23594E+01
    0.49021E+01    0.22486E+01
    0.50011E+01    0.21427E+01
    0.51021E+01    0.20417E+01
    0.52052E+01    0.19451E+01
    0.53104E+01    0.18530E+01
    0.54176E+01    0.17650E+01
    0.55271E+01    0.16810E+01
    0.56387E+01    0.16009E+01
    0.57526E+01    0.15244E+01
    0.58689E+01    0.14514E+01
    0.59874E+01    0.13818E+01
    0.61084E+01    0.13154E+01
    0.62318E+01    0.12520E+01
    0.63577E+01    0.11916E+01
    0.64861E+01    0.11339E+01
    0.66171E+01    0.10790E+01
    0.67508E+01    0.10266E+01
    0.68872E+01    0.97662E+00
    0.70263E+01    0.92901E+00
    0.71682E+01    0.88363E+00
    0.73130E+01    0.84040E+00
    0.74608E+01    0.79920E+00
    0.76115E+01    0.75995E+00
    0.77653E+01    0.72256E+00
    0.79221E+01    0.68695E+00
    0.80822E+01    0.65304E+00
    0.82454E+01    0.62075E+00
    0.84120E+01    0.59000E+00
    0.85819E+01    0.56073E+00
    0.87553E+01    0.53286E+00
    0.89322E+01    0.50634E+00
    0.91126E+01    0.48110E+00
    0.92967E+01    0.45708E+00
    0.94845E+01    0.43423E+00
    0.96761E+01    0.41248E+00
    0.98716E+01    0.39180E+00
    0.10071E+02    0.37212E+00
    0.10274E+02    0.35341E+00
    0.10482E+02    0.33562E+00
    0.10694E+02    0.31869E+00
    0.10910E+02    0.30260E+00
    0.11130E+02    0.28731E+00
    0.11355E+02    0.27277E+00
    0.11584E+02    0.25894E+00
    0.11818E+02    0.24580E+00
    0.12057E+02    0.23332E+00
    0.12301E+02    0.22145E+00
    0.12549E+02    0.21018E+00
    0.12803E+02    0.19947E+00
    0.13061E+02    0.18929E+00
    0.13325E+02    0.17962E+00
    0.13594E+02    0.17044E+00
    0.13869E+02    0.16171E+00
    0.14149E+02    0.15343E+00
    0.14435E+02    0.14556E+00
    0.14727E+02    0.13808E+00
    0.15024E+02    0.13099E+00
    0.15328E+02    0.12425E+00
    0.15637E+02    0.11785E+00
    0.15953E+02    0.11178E+00
    0.16275E+02    0.10602E+00
    0.16604E+02    0.10054E+00
    0.16940E+02    0.95350E-01
    0.17282E+02    0.90420E-01
    0.17631E+02    0.85741E-01
    0.17987E+02    0.81301E-01
    0.18351E+02    0.77087E-01
    0.18721E+02    0.73088E-01
    0.19099E+02    0.69294E-01
    0.19485E+02    0.65694E-01
    0.19879E+02    0.62279E-01
    0.20280E+02    0.59038E-01
    0.20690E+02    0.55965E-01
    0.21108E+02    0.53049E-01
    0.21535E+02    0.50283E-01
    0.21970E+02    0.47659E-01
    0.22413E+02    0.45171E-01
    0.22866E+02    0.42810E-01
    0.23328E+02    0.40572E-01
    0.23799E+02    0.38450E-01
    0.24280E+02    0.36437E-01
    0.24771E+02    0.34528E-01
    0.25271E+02    0.32718E-01
    0.25782E+02    0.31002E-01
    0.26302E+02    0.29375E-01
    0.26834E+02    0.27832E-01
    0.27376E+02    0.26370E-01
    0.27929E+02    0.24983E-01
    0.28493E+02    0.23669E-01
    0.29069E+02    0.22423E-01
    0.29656E+02    0.21242E-01
    0.30255E+02    0.20122E-01
    0.30866E+02    0.19061E-01
    0.31490E+02    0.18055E-01
    0.32126E+02    0.17102E-01
    0.32775E+02    0.16198E-01
    0.33437E+02    0.15342E-01
    0.34112E+02    0.14531E-01
    0.34801E+02    0.13762E-01
    0.35504E+02    0.13033E-01
    0.36222E+02    0.12342E-01
    0.36953E+02    0.11688E-01
    0.37700E+02    0.11068E-01
    0.38462E+02    0.10481E-01
    0.39239E+02    0.99243E-02
    0.40031E+02    0.93970E-02
    0.40840E+02    0.88975E-02
    0.41665E+02    0.84242E-02
    0.42507E+02    0.79758E-02
    0.43365E+02    0.75511E-02
    0.44241E+02    0.71487E-02
    0.45135E+02    0.67676E-02
    0.46047E+02    0.64066E-02
    0.46977E+02    0.60646E-02
    0.47926E+02    0.57407E-02
    0.48894E+02    0.54339E-02
    0.49882E+02    0.51434E-02
    0.50890E+02    0.48682E-02
    0.51918E+02    0.46075E-02
    0.52966E+02    0.43607E-02
    0.54036E+02    0.41270E-02
    0.55128E+02    0.39056E-02
    0.56242E+02    0.36960E-02
    0.57378E+02    0.34975E-02
    0.58537E+02    0.33095E-02
    0.59720E+02    0.31315E-02
    0.60926E+02    0.29630E-02
    0.62157E+02    0.28034E-02
    0.63412E+02    0.26524E-02
    0.64693E+02    0.25093E-02
    0.66000E+02    0.23739E-02
    0.67334E+02    0.22457E-02
    0.68694E+02    0.21244E-02
    0.70082E+02    0.20095E-02
    0.71497E+02    0.19007E-02
    0.72942E+02    0.17978E-02
    0.74415E+02    0.17003E-02
    0.75918E+02    0.16081E-02
    0.77452E+02    0.15207E-02
    0.79017E+02    0.14381E-02
    0.80613E+02    0.13599E-02
    0.82241E+02    0.12858E-02
    0.83903E+02    0.12158E-02
    0.85598E+02    0.11494E-02
    0.87327E+02    0.10867E-02
    0.89091E+02    0.10273E-02
    0.90891E+02    0.97112E-03
    0.92727E+02    0.91794E-03
    0.94600E+02    0.86763E-03
    0.96511E+02    0.82002E-03
    0.98461E+02    0.77498E-03
    0.10045E+03    0.73236E-03
    0.10248E+03    0.69204E-03
    0.10455E+03    0.65389E-03
    0.10666E+03    0.61781E-03
    0.10882E+03    0.58367E-03
    0.11101E+03    0.55137E-03
    0.11326E+03    0.52082E-03
    0.11554E+03    0.49193E-03
    0.11788E+03    0.46460E-03
    0.12026E+03    0.43875E-03
    0.12269E+03    0.41431E-03
    0.12517E+03    0.39119E-03
    0.12770E+03    0.36933E-03
    0.13028E+03    0.34866E-03
    0.13291E+03    0.32911E-03
    0.13559E+03    0.31063E-03
    0.13833E+03    0.29316E-03
    0.14113E+03    0.27664E-03
    0.14398E+03    0.26102E-03
    0.14689E+03    0.24626E-03
    0.14985E+03    0.23230E-03
    0.15288E+03    0.21911E-03
    0.15597E+03    0.20664E-03
    0.15912E+03    0.19486E-03
    0.16233E+03    0.18372E-03
    0.16561E+03    0.17320E-03
    0.16896E+03    0.16326E-03
    0.17237E+03    0.15386E-03
    0.17585E+03    0.14499E-03
    0.17941E+03    0.13661E-03
    0.18303E+03    0.12869E-03
    0.18673E+03    0.12121E-03
    0.19050E+03    0.11415E-03
    0.19435E+03    0.10748E-03
    0.19828E+03    0.10119E-03
    0.20228E+03    0.95243E-04
    0.20637E+03    0.89632E-04
    0.21054E+03    0.84336E-04
    0.21479E+03    0.79338E-04
    0.21913E+03    0.74622E-04
    0.22356E+03    0.70172E-04
    0.22807E+03    0.65974E-04
    0.23268E+03    0.62014E-04
    0.23738E+03    0.58280E-04
    0.24217E+03    0.54758E-04
    0.24707E+03    0.51438E-04
    0.25206E+03    0.48308E-04
    0.25715E+03    0.45358E-04
    0.26234E+03    0.42578E-04
    0.26764E+03    0.39959E-04
    0.27305E+03    0.37492E-04
    0.27857E+03    0.35169E-04
    0.28419E+03    0.32981E-04
    0.28994E+03    0.30921E-04
    0.29579E+03    0.28982E-04
    0.30177E+03    0.27158E-04
    0.30786E+03    0.25441E-04
    0.31408E+03    0.23827E-04
    0.32043E+03    0.22308E-04
    0.32690E+03    0.20881E-04
    0.33351E+03    0.19539E-04
    0.34024E+03    0.18278E-04
    0.34712E+03    0.17093E-04
    0.35413E+03    0.15980E-04
    0.36128E+03    0.14936E-04
    0.36858E+03    0.13956E-04
    0.37603E+03    0.13036E-04
    0.38362E+03    0.12175E-04
    0.39137E+03    0.11367E-04
    0.39928E+03    0.10610E-04
    0.40734E+03    0.99015E-05
    0.41557E+03    0.92380E-05
    0.42397E+03    0.86171E-05
    0.43253E+03    0.80362E-05
    0.44127E+03    0.74930E-05
    0.45019E+03    0.69851E-05
    0.45928E+03    0.65104E-05
    0.46856E+03    0.60668E-05
    0.47802E+03    0.56525E-05
    0.48768E+03    0.52656E-05
    0.49753E+03    0.49045E-05
    0.50758E+03    0.45675E-05
    0.51784E+03    0.42530E-05
    0.52830E+03    0.39597E-05
    0.53897E+03    0.36862E-05
    0.54986E+03    0.34313E-05
    0.56097E+03    0.31936E-05
    0.57230E+03    0.29722E-05
    0.58386E+03    0.27660E-05
    0.59565E+03    0.25738E-05
    0.60769E+03    0.23949E-05
    0.61996E+03    0.22284E-05
    0.63249E+03    0.20733E-05
    0.64526E+03    0.19290E-05
    0.65830E+03    0.17947E-05
