1.000000000000000048e-04 3.102485438741572921e+02 6.565252264720874420e-01 5.698400000000000318e+02 8.800885438741572671e+02
1.019716471361305476e-04 3.102485438706034415e+02 6.565252264710016439e-01 5.806157348430105003e+02 8.908642787116934869e+02
1.039821681965551214e-04 3.102485438669083919e+02 6.565252264698727691e-01 5.915957243743907839e+02 9.018442682373079151e+02
1.060323296378889427e-04 3.102485438630661179e+02 6.565252264686987083e-01 6.027934385459934674e+02 9.130419824028367657e+02
1.081229130285668875e-04 3.102485438590709350e+02 6.565252264674782401e-01 6.141730615973174281e+02 9.244216054477647049e+02
1.102547153467954490e-04 3.102485438549162495e+02 6.565252264662090331e-01 6.257672875709287155e+02 9.360158314146390239e+02
1.124285492843794300e-04 3.102485438505963771e+02 6.565252264648892000e-01 6.376085981189282847e+02 9.478571419555430566e+02
1.146452435565379046e-04 3.102485438461040985e+02 6.565252264635167423e-01 6.496591524848704466e+02 9.599076963140123553e+02
1.169056432178302825e-04 3.102485438414335022e+02 6.565252264620898837e-01 6.619528523314733093e+02 9.722013961527462698e+02
1.192106099843096370e-04 3.102485438365768005e+02 6.565252264606060706e-01 6.744738187755548324e+02 9.847223625885410456e+02
1.215610225620289159e-04 3.102485438315266038e+02 6.565252264590631937e-01 6.872210809974460517e+02 9.974696248017063454e+02
1.239577769820241631e-04 3.102485438262752950e+02 6.565252264574588104e-01 7.001995458500661016e+02 1.010448089645137770e+03
1.264017869419013437e-04 3.102485438208148594e+02 6.565252264557905892e-01 7.134599027960620106e+02 1.023708446581456656e+03
1.288939841541590604e-04 3.102485438151369408e+02 6.565252264540558658e-01 7.269477976269531609e+02 1.037196341402158623e+03
1.314353187013790939e-04 3.102485438092331265e+02 6.565252264522523085e-01 7.406893763353211853e+02 1.050937920099798475e+03
1.340267593984187486e-04 3.102485438030941509e+02 6.565252264503766977e-01 7.546635963131277549e+02 1.064912140066309576e+03
1.366692941617462739e-04 3.102485437967104644e+02 6.565252264484264799e-01 7.689379448753327324e+02 1.079186488616618590e+03
1.393639303860561886e-04 3.102485437900726311e+02 6.565252264463984355e-01 7.834881354269720077e+02 1.093736679155731053e+03
1.421116953283116878e-04 3.102485437831708168e+02 6.565252264442897889e-01 7.982908878767202623e+02 1.108539431592290839e+03
1.449136364993589292e-04 3.102485437759939941e+02 6.565252264420972095e-01 8.133634113879330698e+02 1.123611955089617823e+03
1.477708220632611622e-04 3.102485437685310785e+02 6.565252264398172555e-01 8.287343235134194401e+02 1.138982867200480996e+03
1.506843412445078802e-04 3.102485437607713834e+02 6.565252264374464852e-01 8.443846638240339644e+02 1.154633207495698798e+03
1.536553047432524073e-04 3.102485437527025738e+02 6.565252264349813460e-01 8.603364108505202239e+02 1.170584954505972291e+03
1.566848451587352390e-04 3.102485437443124852e+02 6.565252264324181741e-01 8.765988839394671004e+02 1.186847427577846020e+03
1.597741174210580439e-04 3.102485437355881004e+02 6.565252264297527507e-01 8.931465539365422046e+02 1.203395097556944847e+03
1.629242992314681906e-04 3.102485437265162318e+02 6.565252264269811899e-01 9.100272241000196800e+02 1.220275767701490167e+03
1.661365915113260548e-04 3.102485437170831233e+02 6.565252264240991620e-01 9.272379761957448636e+02 1.237486519777276271e+03
1.694122188599240229e-04 3.102485437072749050e+02 6.565252264211027811e-01 9.447546748518294635e+02 1.255003218412368142e+03
1.727524300213309375e-04 3.102485436970753767e+02 6.565252264179864961e-01 9.625874004884253736e+02 1.272835944026856851e+03
1.761584983604422587e-04 3.102485436864701569e+02 6.565252264147466432e-01 9.807656031382269930e+02 1.291014146653377338e+03
1.796317223484165167e-04 3.102485436754424768e+02 6.565252264113774494e-01 9.992944187994771710e+02 1.309542962290106743e+03
1.831734260576808513e-04 3.102485436639754539e+02 6.565252264078742517e-01 1.018131290959387115e+03 1.328379834424200453e+03
1.867849596666993305e-04 3.102485436520520352e+02 6.565252264042313879e-01 1.037360423759038895e+03 1.347608967196655612e+03
1.904676999746904244e-04 3.102485436396539740e+02 6.565252264004437510e-01 1.056955373233337923e+03 1.367203916642310105e+03
1.942230509264949415e-04 3.102485436267617160e+02 6.565252263965050128e-01 1.076933799022620406e+03 1.387182342401418282e+03
1.980524441477925668e-04 3.102485436133565031e+02 6.565252263924096221e-01 1.097219753366717441e+03 1.407468296713750306e+03
2.019573394908690694e-04 3.102485435994172462e+02 6.565252263881506956e-01 1.117971559852899645e+03 1.428220103166451509e+03
2.059392255911460321e-04 3.102485435849228566e+02 6.565252263837225710e-01 1.139134467577373016e+03 1.449383010855652628e+03
2.099996204346833044e-04 3.102485435698514493e+02 6.565252263791181431e-01 1.160564032485119469e+03 1.470812575726280556e+03
2.141400719368687674e-04 3.102485435541798324e+02 6.565252263743301953e-01 1.182443668369049647e+03 1.492692211571095413e+03
2.183621585325197067e-04 3.102485435378839611e+02 6.565252263693517332e-01 1.204818654080558645e+03 1.515067197241372696e+03
2.226674897776190025e-04 3.102485435209393358e+02 6.565252263641747632e-01 1.227518779495460194e+03 1.537767322612866565e+03
2.270577069629129796e-04 3.102485435033200929e+02 6.565252263587920689e-01 1.250640633660673984e+03 1.560889176732352553e+03
2.315344837396109590e-04 3.102485434849990042e+02 6.565252263531946575e-01 1.274243683333025047e+03 1.584492226356508127e+03
2.360995267574176367e-04 3.102485434659481598e+02 6.565252263473744243e-01 1.298336391219704183e+03 1.608584934192390165e+03
2.407545763151478185e-04 3.102485434461394220e+02 6.565252263413223766e-01 1.322834982287255571e+03 1.633083525206436889e+03
2.455014070241686754e-04 3.102485434255410723e+02 6.565252263350294104e-01 1.347789326451482339e+03 1.658037869314287036e+03
2.503418284849206490e-04 3.102485434041229837e+02 6.565252263284858669e-01 1.373123046399987288e+03 1.683371589203424719e+03
2.552776859767804133e-04 3.102485433818516753e+02 6.565252263216818651e-01 1.399010344572457370e+03 1.709258887313301102e+03
2.603108611615219544e-04 3.102485433586933823e+02 6.565252263146066358e-01 1.425396583651304582e+03 1.735645126326177888e+03
2.654432728006498807e-04 3.102485433346129753e+02 6.565252263072498540e-01 1.452237562367033433e+03 1.762486104972402927e+03
2.706768774868748505e-04 3.102485433095739040e+02 6.565252262995999732e-01 1.479655751882875848e+03 1.789904294414956212e+03
2.760136703900124117e-04 3.102485432835375150e+02 6.565252262916455583e-01 1.507494712778571056e+03 1.817743255233457603e+03
2.814556860175856283e-04 3.102485432564645293e+02 6.565252262833746189e-01 1.535938500056296107e+03 1.846187042429774465e+03
2.870049989904279700e-04 3.102485432283133377e+02 6.565252262747738321e-01 1.564810571681068268e+03 1.875059113968798101e+03
2.926637248335742648e-04 3.102485431990410802e+02 6.565252262658308746e-01 1.594281343900627235e+03 1.904529886097936924e+03
2.984340207827481176e-04 3.102485431686030211e+02 6.565252262565317576e-01 1.624286259191078443e+03 1.934534801293083547e+03
3.043180866067503993e-04 3.102485431369528897e+02 6.565252262468621591e-01 1.654893169155405758e+03 1.965141711156914880e+03
3.103181654460593786e-04 3.102485431040425397e+02 6.565252262368077574e-01 1.686052037288934798e+03 1.996300579184512571e+03
3.164365446679694898e-04 3.102485430698218920e+02 6.565252262263528982e-01 1.717767355093914603e+03 2.028015896877830528e+03
3.226755567385859746e-04 3.102485430342381392e+02 6.565252262154815943e-01 1.750084898460274871e+03 2.060333440126456026e+03
3.290375801120152969e-04 3.102485429972371094e+02 6.565252262041773035e-01 1.783017613973899643e+03 2.093266155515934315e+03
3.355250401370871052e-04 3.102485429587630961e+02 6.565252261924229282e-01 1.816525244224025982e+03 2.126773785635193690e+03
3.421404099819505161e-04 3.102485429187570389e+02 6.565252261802005940e-01 1.850702121836410697e+03 2.160950663109547349e+03
3.488862115769049421e-04 3.102485428771576039e+02 6.565252261674914269e-01 1.885507592494396476e+03 2.195756133621984645e+03
3.557650165758153931e-04 3.102485428339018085e+02 6.565252261542762202e-01 1.920923329821969901e+03 2.231171870796107669e+03
3.627794473364868402e-04 3.102485427889235439e+02 6.565252261405347678e-01 1.957004867352264000e+03 2.267253408164568100e+03
3.699321779203665447e-04 3.102485427421538589e+02 6.565252261262459754e-01 1.993736299428605207e+03 2.303984840070255814e+03
3.772259351119588077e-04 3.102485426935219266e+02 6.565252261113884158e-01 2.031211413008465797e+03 2.341459953470067376e+03
3.846634994583350824e-04 3.102485426429534527e+02 6.565252260959391073e-01 2.069339666917646809e+03 2.379588207189392961e+03
3.922477063291448856e-04 3.102485425903711871e+02 6.565252260798746242e-01 2.108155726183549632e+03 2.418404266255065977e+03
3.999814469975212367e-04 3.102485425356950373e+02 6.565252260631704306e-01 2.147720962253844391e+03 2.457969502114121497e+03
4.078676697423010231e-04 3.102485424788416140e+02 6.565252260458007694e-01 2.187982001859363208e+03 2.498230541496859132e+03
4.159093809719774945e-04 3.102485424197241173e+02 6.565252260277396612e-01 2.229007371938545930e+03 2.539255911341007959e+03
4.241096463708093488e-04 3.102485423582527346e+02 6.565252260089593506e-01 2.270777567701421958e+03 2.581026106855956641e+03
4.324715920675328319e-04 3.102485422943330491e+02 6.565252259894311937e-01 2.313319490147865508e+03 2.623568029040842703e+03
4.409984058271105320e-04 3.102485422278680858e+02 6.565252259691252146e-01 2.356676700766068279e+03 2.666925239383049302e+03
4.496933382659821523e-04 3.102485421587563224e+02 6.565252259480108821e-01 2.400826102365589122e+03 2.711074640691388140e+03
4.585597040912727917e-04 3.102485420868927122e+02 6.565252259260555556e-01 2.445771015266497670e+03 2.756019553285095753e+03
4.676008833644371360e-04 3.102485420121672064e+02 6.565252259032259285e-01 2.491477084552404449e+03 2.801725622246975036e+03
4.768203227898127066e-04 3.102485419344658339e+02 6.565252258794873619e-01 2.538140712609762886e+03 2.848389249962219310e+03
4.862215370285865364e-04 3.102485418536704174e+02 6.565252258548032183e-01 2.585537135633895559e+03 2.895785672625570896e+03
4.958081100386606179e-04 3.102485417696576064e+02 6.565252258291360832e-01 2.633858316278571237e+03 2.944106852889423408e+03
5.055836964409403866e-04 3.102485416822993898e+02 6.565252258024472098e-01 2.683075183880532677e+03 2.993323720089485050e+03
5.155520229125611304e-04 3.102485415914621285e+02 6.565252257746952980e-01 2.733160575988058554e+03 3.043409111772935830e+03
5.257168896075791907e-04 3.102485414970074089e+02 6.565252257458381591e-01 2.784131377282961694e+03 3.094379912620347568e+03
5.360821716056817128e-04 3.102485413987919856e+02 6.565252257158321614e-01 2.836008610481868800e+03 3.146257145347030473e+03
5.466518203894515709e-04 3.102485412966650529e+02 6.565252256846310086e-01 2.888905693915814481e+03 3.199154228282395707e+03
5.574298653507651306e-04 3.102485411904711441e+02 6.565252256521874052e-01 2.942708550394415397e+03 3.252957084234897138e+03
5.684204153268898867e-04 3.102485410800488239e+02 6.565252256184520574e-01 2.997563686427650737e+03 3.307812219712640854e+03
5.796276601668633264e-04 3.102485409652289263e+02 6.565252255833731176e-01 3.053373321247720924e+03 3.363621853946468946e+03
5.910558723287638551e-04 3.102485408458367147e+02 6.565252255468972953e-01 3.110103434618461961e+03 3.420351966698643082e+03
6.027094085084653283e-04 3.102485407216904036e+02 6.565252255089690792e-01 3.167931651245015928e+03 3.478180182672035244e+03
6.145927113005118314e-04 3.102485405926002500e+02 6.565252254695304046e-01 3.226751597193864654e+03 3.537000127931543375e+03
6.267103108917349312e-04 3.102485404583694617e+02 6.565252254285210975e-01 3.286743112521673083e+03 3.596991642531290836e+03
6.390668267882666309e-04 3.102485403187932889e+02 6.565252253858788745e-01 3.347717849027068951e+03 3.657966378268390599e+03
6.516669695765972504e-04 3.102485401736591371e+02 6.565252253415385653e-01 3.409768594448733893e+03 3.720017122879020462e+03
6.645155427193630109e-04 3.102485400227453738e+02 6.565252252954324463e-01 3.472966225908650358e+03 3.783214753482572632e+03
6.776174443865317374e-04 3.102485398658220674e+02 6.565252252474904626e-01 3.537235145698623000e+03 3.847483672368645784e+03
6.909776693226991071e-04 3.102485397026498504e+02 6.565252251976393394e-01 3.602686406333975810e+03 3.912934932049541658e+03
7.046013107512016926e-04 3.102485395329796347e+02 6.565252251458029153e-01 3.669344416271000682e+03 3.979592940978671322e+03
7.184935623157654100e-04 3.102485393565531808e+02 6.565252250919024757e-01 3.737142887438772959e+03 4.047391411082453487e+03
7.326597200604465778e-04 3.102485391731009372e+02 6.565252250358554198e-01 3.806102463681953395e+03 4.116350986202392960e+03
7.471051844486004600e-04 3.102485389823432911e+02 6.565252249775764826e-01 3.876322444539110620e+03 4.186570965873369460e+03
7.618354624216640975e-04 3.102485387839893747e+02 6.565252249169768461e-01 3.947792063474642873e+03 4.258040583556370620e+03
7.768561694985270071e-04 3.102485385777368379e+02 6.565252248539642510e-01 4.020526637470349669e+03 4.330775156229480672e+03
7.921730319162982375e-04 3.102485383632707112e+02 6.565252247884421077e-01 4.094503447217992743e+03 4.404751964580725144e+03
8.077918888132737179e-04 3.102485381402642588e+02 6.565252247203107183e-01 4.169770014752876705e+03 4.480018530641120378e+03
8.237186944549554314e-04 3.102485379083773864e+02 6.565252246494664989e-01 4.246394396654485718e+03 4.556642910985498020e+03
8.399595205039485759e-04 3.102485376672564712e+02 6.565252245758009808e-01 4.324343511863853564e+03 4.634592024550519454e+03
8.565205583346196866e-04 3.102485374165333951e+02 6.565252244992018094e-01 4.403627244230565339e+03 4.713875755180932174e+03
8.734081213933937065e-04 3.102485371558264546e+02 6.565252244195527442e-01 4.484252679708202777e+03 4.794501188825246572e+03
8.906286476055772080e-04 3.102485368847373479e+02 6.565252243367315499e-01 4.566333018828991044e+03 4.876581526009626032e+03
9.081887018296509132e-04 3.102485366028533917e+02 6.565252242506124380e-01 4.649792468911948163e+03 4.960040974047929012e+03
9.260949783599363872e-04 3.102485363097442246e+02 6.565252241610638473e-01 4.734682693315828146e+03 5.044931196292615823e+03
9.443543034786180002e-04 3.102485360049627161e+02 6.565252240679493312e-01 4.821018524324771533e+03 5.131267025021435984e+03
9.629736380580797847e-04 3.102485356880446830e+02 6.565252239711268922e-01 4.908845115035695926e+03 5.219093613324330363e+03
9.819600802145431618e-04 3.102485353585062171e+02 6.565252238704486487e-01 4.998136224601931644e+03 5.308384720347808980e+03
1.001320868014038456e-03 3.102485350158449364e+02 6.565252237657613898e-01 5.088947866230189902e+03 5.399196359290747750e+03
1.021063382231714818e-03 3.102485346595385067e+02 6.565252236569052435e-01 5.181301871025437322e+03 5.491550361250099741e+03
1.041195149165564200e-03 3.102485342890432776e+02 6.565252235437142314e-01 5.275385074217098918e+03 5.585633561445356463e+03
1.061723843505616143e-03 3.102485339037942254e+02 6.565252234260159359e-01 5.370775124304097517e+03 5.681023608370460352e+03
1.082657291259708733e-03 3.102485335032040439e+02 6.565252233036305007e-01 5.467894789781218606e+03 5.778143270507199304e+03
1.104003472736939323e-03 3.102485330866617801e+02 6.565252231763714086e-01 5.566745141259356387e+03 5.876993618456585864e+03
1.125770525589939088e-03 3.102485326535316972e+02 6.565252230440448145e-01 5.666983386413641711e+03 5.977231859886932398e+03
1.147966747917134956e-03 3.102485322031538999e+02 6.565252229064487688e-01 5.769052096068953688e+03 6.079300565607782119e+03
1.170600601426172909e-03 3.102485317348414924e+02 6.565252227633734394e-01 5.872660379407909204e+03 6.182908844793380013e+03
1.193680714659719122e-03 3.102485312478797823e+02 6.565252226146004455e-01 5.978281236578375683e+03 6.288529697574142119e+03
1.217215886284848904e-03 3.102485307415266789e+02 6.565252224599033015e-01 6.085516361579933800e+03 6.395764817941340880e+03
1.241215088447310396e-03 3.102485302150095094e+02 6.565252222990456410e-01 6.194080379739456475e+03 6.504328831212156729e+03
1.265687470191902055e-03 3.102485296675254176e+02 6.565252221317823267e-01 6.304652156165804627e+03 6.614900602472896935e+03
1.290642360950303765e-03 3.102485290982398851e+02 6.565252219578584514e-01 6.417167517721291006e+03 6.727415958571395095e+03
1.316089274097666977e-03 3.102485285062846287e+02 6.565252217770085608e-01 6.531486318936649695e+03 6.841734754024304493e+03
1.342037910579333641e-03 3.102485278907563497e+02 6.565252215889569865e-01 6.647425803035825993e+03 6.957674232041585128e+03
1.368498162609057189e-03 3.102485272507168474e+02 6.565252213934168468e-01 6.765285569557236158e+03 7.075533992139753536e+03
1.395480117440138067e-03 3.102485265851897793e+02 6.565252211900898249e-01 6.885236189779097003e+03 7.195484605575547903e+03
1.422994061210917753e-03 3.102485258931605472e+02 6.565252209786662796e-01 7.006921825136562802e+03 7.317170233770033519e+03
1.451050482866089080e-03 3.102485251735734550e+02 6.565252207588234690e-01 7.130437590736329184e+03 7.440685991807826213e+03
1.479660078155326875e-03 3.102485244253311407e+02 6.565252205302259947e-01 7.255802240333990085e+03 7.566050633422490137e+03
1.508833753710742045e-03 3.102485236472922452e+02 6.565252202925252467e-01 7.383343503715942461e+03 7.693591888371377536e+03
1.538582631204750938e-03 3.102485228382710147e+02 6.565252200453590703e-01 7.512636098154799583e+03 7.822884473910614361e+03
1.568918051589901497e-03 3.102485219970333219e+02 6.565252197883502117e-01 7.643896242176155283e+03 7.954144608536234045e+03
1.599851579422308968e-03 3.102485211222957560e+02 6.565252195211069841e-01 7.777242691369373460e+03 8.087491047808091935e+03
1.631395007270326812e-03 3.102485202127246566e+02 6.565252192432216027e-01 7.912521886938975513e+03 8.222770232905360899e+03
1.663560360210147209e-03 3.102485192669329308e+02 6.565252189542701844e-01 8.049893584510748042e+03 8.360141919420322665e+03
1.696359900410033573e-03 3.102485182834784041e+02 6.565252186538126367e-01 8.189298161915097808e+03 8.499546485152961395e+03
1.729806131804935204e-03 3.102485172608611492e+02 6.565252183413901044e-01 8.330670943073411763e+03 8.640919253992882659e+03
1.763911804863277756e-03 3.102485161975212691e+02 6.565252180165263018e-01 8.474320406257142167e+03 8.784568704168661498e+03
1.798689921447731502e-03 3.102485150918373620e+02 6.565252176787258476e-01 8.620037394484701508e+03 8.930285678666583408e+03
1.834153739771822835e-03 3.102485139421234521e+02 6.565252173274738201e-01 8.767717038561389927e+03 9.077965308255827040e+03
1.870316779454265360e-03 3.102485127466260337e+02 6.565252169622343148e-01 8.917499620841996148e+03 9.227747875246346666e+03
1.907192826672944553e-03 3.102485115035218541e+02 6.565252165824503328e-01 9.069385701247441830e+03 9.379633939515664679e+03
1.944795939420529028e-03 3.102485102109151853e+02 6.565252161875426706e-01 9.223514193737133610e+03 9.533762414973185514e+03
1.983140452863694884e-03 3.102485088668346975e+02 6.565252157769090324e-01 9.379654499804028092e+03 9.689902703070792995e+03
2.022240984808028330e-03 3.102485074692306171e+02 6.565252153499233634e-01 9.538036523779610434e+03 9.848284708081955614e+03
2.062112441270652023e-03 3.102485060159719978e+02 6.565252149059345177e-01 9.698775489152856608e+03 1.000902365343780366e+04
2.102770022162756772e-03 3.102485045048417192e+02 6.565252144442651483e-01 9.861419024349692336e+03 1.017166716752372849e+04
2.144229227084140654e-03 3.102485029335358035e+02 6.565252139642113738e-01 1.002611189597703196e+04 1.033636001688301076e+04
2.186505861232019340e-03 3.102485012996581304e+02 6.565252134650410021e-01 1.019309349984407709e+04 1.050334159725357495e+04
2.229616041426324847e-03 3.102484996007166842e+02 6.565252129459928643e-01 1.036234391182158106e+04 1.067259198444085996e+04
2.273576202253812031e-03 3.102484978341202577e+02 6.565252124062754824e-01 1.053388567688162766e+04 1.084413372334648557e+04
2.318403102333295180e-03 3.102484959971752119e+02 6.565252118450655150e-01 1.070784707537458416e+04 1.101809509424184580e+04
2.364113830704411227e-03 3.102484940870800756e+02 6.565252112615073132e-01 1.088381758798745432e+04 1.119406557775521469e+04
2.410725813342361190e-03 3.102484921009212258e+02 6.565252106547107003e-01 1.106181377890935073e+04 1.137206173799534190e+04
2.458256819801083164e-03 3.102484900356706703e+02 6.565252100237505273e-01 1.124172576369298076e+04 1.155197369043669096e+04
2.506724969987425122e-03 3.102484878881782606e+02 6.565252093676645639e-01 1.142466046102022483e+04 1.173490835361605787e+04
2.556148741068848922e-03 3.102484856551689631e+02 6.565252086854518332e-01 1.160917460356880110e+04 1.191942246019054801e+04
2.606546974517370396e-03 3.102484833332378571e+02 6.565252079760726112e-01 1.179570557141387508e+04 1.210595339011601209e+04
2.657938883292339325e-03 3.102484809188434269e+02 6.565252072384446524e-01 1.198523689246365939e+04 1.229548467114059895e+04
2.710344059164873469e-03 3.102484784083036971e+02 6.565252064714428570e-01 1.217651090495931567e+04 1.248675864146752792e+04
2.763782480186679266e-03 3.102484757977901495e+02 6.565252056738980491e-01 1.236997314583112529e+04 1.268022083788739474e+04
2.818274518306154892e-03 3.102484730833214712e+02 6.565252048445933131e-01 1.256502868803633282e+04 1.287527633327612784e+04
2.873840947134635379e-03 3.102484702607583245e+02 6.565252039822646601e-01 1.276298267137422772e+04 1.307323026722163013e+04
2.930502949865762628e-03 3.102484673257961276e+02 6.565252030855964760e-01 1.296276296774022921e+04 1.327301051155685491e+04
2.988282127351012205e-03 3.102484642739587457e+02 6.565252021532215210e-01 1.316466273797064969e+04 1.347491022695942775e+04
3.047200506334426552e-03 3.102484611005919533e+02 6.565252011837178214e-01 1.336849265824620124e+04 1.367874008947813491e+04
3.107280547849721776e-03 3.102484578008563858e+02 6.565252001756067823e-01 1.357482647482428911e+04 1.388507384517217179e+04
3.168545155782942577e-03 3.102484543697199797e+02 6.565251991273509669e-01 1.378252409812328187e+04 1.409277140438942115e+04
3.231017685603940030e-03 3.102484508019501277e+02 6.565251980373520979e-01 1.399267060793858582e+04 1.430291784666867170e+04
3.294721953270021968e-03 3.102484470921055504e+02 6.565251969039473945e-01 1.420515856202846953e+04 1.451540572959591555e+04
3.359682244305131366e-03 3.102484432345290202e+02 6.565251957254089055e-01 1.441944684225902711e+04 1.472969393489781760e+04
3.425923323058059893e-03 3.102484392233371295e+02 6.565251944999387357e-01 1.463546819500570018e+04 1.494571520876254908e+04
3.493470442143159580e-03 3.102484350524134697e+02 6.565251932256687128e-01 1.485352556092051418e+04 1.516377249160874635e+04
3.562349352067242358e-03 3.102484307153960685e+02 6.565251919006546144e-01 1.507337346789306321e+04 1.538362031113524790e+04
3.632586311046241429e-03 3.102484262056717625e+02 6.565251905228766116e-01 1.529529943257656123e+04 1.560554618373942685e+04
3.704208095015455206e-03 3.102484215163629528e+02 6.565251890902331633e-01 1.551902516018317147e+04 1.582927181442571964e+04
3.777242007837139457e-03 3.102484166403178278e+02 6.565251876005393505e-01 1.574409156247187275e+04 1.605433811475977927e+04
3.851715891709376824e-03 3.102484115701006431e+02 6.565251860515234350e-01 1.597137215422619192e+04 1.628161859916401409e+04
3.927658137780149807e-03 3.102484062979788746e+02 6.565251844408229731e-01 1.620040971182592511e+04 1.651065604379787692e+04
4.005097696970691228e-03 3.102484008159125892e+02 6.565251827659819295e-01 1.643031905724198441e+04 1.674056527046416886e+04
4.084064091012243845e-03 3.102483951155415411e+02 6.565251810244460140e-01 1.666215321605784993e+04 1.697239930431446919e+04
4.164587423700419344e-03 3.102483891881723252e+02 6.565251792135591291e-01 1.689589186676379904e+04 1.720613782352463022e+04
4.246698392371461850e-03 3.102483830247653600e+02 6.565251773305595950e-01 1.713061779484144063e+04 1.744086361338074130e+04
4.330428299604751480e-03 3.102483766159216430e+02 6.565251753725760420e-01 1.736674282032205883e+04 1.767698849351699391e+04
4.415809065156095503e-03 3.102483699518669482e+02 6.565251733366221920e-01 1.760431651862245417e+04 1.791456203898538297e+04
4.502873238126238464e-03 3.102483630224386388e+02 6.565251712195931955e-01 1.784328257562629733e+04 1.815352793530389681e+04
4.591654009369343543e-03 3.102483558170692959e+02 6.565251690182607458e-01 1.808347976443928928e+04 1.839372495521402379e+04
4.682185224146093346e-03 3.102483483247704044e+02 6.565251667292675286e-01 1.832431846370458516e+04 1.863456347705801454e+04
4.774501395026292498e-03 3.102483405341157550e+02 6.565251643491227806e-01 1.856670435204949899e+04 1.887694917887654810e+04
4.868637715045841426e-03 3.102483324332247321e+02 6.565251618741967388e-01 1.880980154444186701e+04 1.912004617534651334e+04
4.964630071123114601e-03 3.102483240097427597e+02 6.565251593007149777e-01 1.905344236324551093e+04 1.936368678840793655e+04
5.062515057739890197e-03 3.102483152508240209e+02 6.565251566247528592e-01 1.929845907254869962e+04 1.960870328149621128e+04
5.162329990891991079e-03 3.102483061431110514e+02 6.565251538422294253e-01 1.954359882181870853e+04 1.985384280383634177e+04
5.264112922315016506e-03 3.102482966727138205e+02 6.565251509489011816e-01 1.978994782401603152e+04 2.010019156762735656e+04
5.367902653990518774e-03 3.102482868251902346e+02 6.565251479403561019e-01 2.003692110508419137e+04 2.034716459838752417e+04
5.473738752938198462e-03 3.102482765855223192e+02 6.565251448120057454e-01 2.028397193556993807e+04 2.059421516622383569e+04
5.581661566299772614e-03 3.102482659380941641e+02 6.565251415590791506e-01 2.053110344746793271e+04 2.084134640254340047e+04
5.691712236720216159e-03 3.102482548666681623e+02 6.565251381766157301e-01 2.077908184573357721e+04 2.108932451148154360e+04
5.803932718032302381e-03 3.102482433543602269e+02 6.565251346594568327e-01 2.102611424135074776e+04 2.133635660385651863e+04
5.918365791250324026e-03 3.102482313836135290e+02 6.565251310022388598e-01 2.127318447854671103e+04 2.158342652297063614e+04
6.035055080879241779e-03 3.102482189361725773e+02 6.565251271993844950e-01 2.152018979050408598e+04 2.183043150133619565e+04
6.154045071545298680e-03 3.102482059930542846e+02 6.565251232450941554e-01 2.176715014849024374e+04 2.207739150948421957e+04
6.275381124954604838e-03 3.102481925345206264e+02 6.565251191333374425e-01 2.201303571936141816e+04 2.232327671384337737e+04
6.399109497186043251e-03 3.102481785400462968e+02 6.565251148578437057e-01 2.225799750822456190e+04 2.256823811871010184e+04
6.525277356325163286e-03 3.102481639882897753e+02 6.565251104120929382e-01 2.250303722131078757e+04 2.281327742916261559e+04
6.653932800445723147e-03 3.102481488570591637e+02 6.565251057893047859e-01 2.274633232811352354e+04 2.305657211448786984e+04
6.785124875945762989e-03 3.102481331232789898e+02 6.565251009824296657e-01 2.298853726232033659e+04 2.329877660728656701e+04
6.918903596245229090e-03 3.102481167629545666e+02 6.565250959841368861e-01 2.322966609652779516e+04 2.353990497924734154e+04
7.055319960852225042e-03 3.102480997511361238e+02 6.565250907868038777e-01 2.346994087282202236e+04 2.378017927142193366e+04
7.194425974805207860e-03 3.102480820618803818e+02 6.565250853825046473e-01 2.370853802694035403e+04 2.401877591890672920e+04
7.336274668498486869e-03 3.102480636682105342e+02 6.565250797629970103e-01 2.394433010348038079e+04 2.425456746580657273e+04
7.480920117898608689e-03 3.102480445420758315e+02 6.565250739197115992e-01 2.417878326592119629e+04 2.448902007394027169e+04
7.628417465159371275e-03 3.102480246543088356e+02 6.565250678437368759e-01 2.441087320107156484e+04 2.472110942951172547e+04
7.778822939643260242e-03 3.102480039745797171e+02 6.565250615258069189e-01 2.464088244555304118e+04 2.495111806791230993e+04
7.932193879357403443e-03 3.102479824713515200e+02 6.565250549562865467e-01 2.486894543890116984e+04 2.517918042745739149e+04
8.088588752812068614e-03 3.102479601118315031e+02 6.565250481251572179e-01 2.509377014503387181e+04 2.540400447156062728e+04
8.248067181310264964e-03 3.102479368619208913e+02 6.565250410220012656e-01 2.531546251049312923e+04 2.562569614553128849e+04
8.410689961676692111e-03 3.102479126861630334e+02 6.565250336359859107e-01 2.553366272478990868e+04 2.584389563786583312e+04
8.576519089434912063e-03 3.102478875476892881e+02 6.565250259558472745e-01 2.574916987551477359e+04 2.605940203441796984e+04
8.745617782441435228e-03 3.102478614081632600e+02 6.565250179698731703e-01 2.596115182155070579e+04 2.627138319324434269e+04
8.918050504985857233e-03 3.102478342277215120e+02 6.565250096658845624e-01 2.616895374047146834e+04 2.647918429100519279e+04
9.093882992366087922e-03 3.102478059649132547e+02 6.565250010312175810e-01 2.637239635199238182e+04 2.668262604619338163e+04
9.273182275948137210e-03 3.102477765766373636e+02 6.565249920527042038e-01 2.657203343405645137e+04 2.688226223497662795e+04
9.456016708720033428e-03 3.102477460180762137e+02 6.565249827166518282e-01 2.676749995569686507e+04 2.707772782518275199e+04
9.642455991349529673e-03 3.102477142426274099e+02 6.565249730088227320e-01 2.695767659419528718e+04 2.726790349345891809e+04
9.832571198755621356e-03 3.102476812018330747e+02 6.565249629144125354e-01 2.714263879679464662e+04 2.745286468553810118e+04
1.002643480720387392e-02 3.102476468453053258e+02 6.565249524180261087e-01 2.732241026971037354e+04 2.763263510611173842e+04
1.022412072193610612e-02 3.102476111206501628e+02 6.565249415036571445e-01 2.749712744555521203e+04 2.780735118611847793e+04
1.042570430534468968e-02 3.102475739733867499e+02 6.565249301546602911e-01 2.766570489334882222e+04 2.797592749393713893e+04
1.063126240570244629e-02 3.102475353468656749e+02 6.565249183537282818e-01 2.782815732264692997e+04 2.813837873755298278e+04
1.084087338645900282e-02 3.102474951821802733e+02 6.565249060828641792e-01 2.798441456376672068e+04 2.829463474574813517e+04
1.105461715611466035e-02 3.102474534180796013e+02 6.565248933233547302e-01 2.813374477074310562e+04 2.844396367165882475e+04
1.127257519868338047e-02 3.102474099908729386e+02 6.565248800557412778e-01 2.827667302218742043e+04 2.858689059174331851e+04
1.149483060475638488e-02 3.102473648343332684e+02 6.565248662597904517e-01 2.841248982684415023e+04 2.872270601381965025e+04
1.172146810317810893e-02 3.102473178795966646e+02 6.565248519144628592e-01 2.853971707615856940e+04 2.884993182936234371e+04
1.195257409334687763e-02 3.102472690550569041e+02 6.565248369978815557e-01 2.866049209472297662e+04 2.897070535893362830e+04
1.218823667815223215e-02 3.102472182862567252e+02 6.565248214872986265e-01 2.877219644131011592e+04 2.908240816271724179e+04
1.242854569756182172e-02 3.102471654957730607e+02 6.565248053590598820e-01 2.887549209623448041e+04 2.918570221869973830e+04
1.267359276287047601e-02 3.102471106031007935e+02 6.565247885885692192e-01 2.897138568101310739e+04 2.928159414546051630e+04
1.292347129162446130e-02 3.102470535245282690e+02 6.565247711502515404e-01 2.905858123881209394e+04 2.936878798618710061e+04
1.317827654323441497e-02 3.102469941730108189e+02 6.565247530175126744e-01 2.913596271234276355e+04 2.944616768360696733e+04
1.343810565529046132e-02 3.102469324580376338e+02 6.565247341626999633e-01 2.920294881183338293e+04 2.951315194740480729e+04
1.370305768059318016e-02 3.102468682854940312e+02 6.565247145570594078e-01 2.925950777367251430e+04 2.956970901271087496e+04
1.397323362491491305e-02 3.102468015575167897e+02 6.565246941706919248e-01 2.930437453698947866e+04 2.961457381941899439e+04
1.424873648550537865e-02 3.102467321723465261e+02 6.565246729725080499e-01 2.933872615954853973e+04 2.964892342228669440e+04
1.452967129035661990e-02 3.102466600241714332e+02 6.565246509301796429e-01 2.936255594086305064e+04 2.967275111962382289e+04
1.481614513824211846e-02 3.102465850029667536e+02 6.565246280100923704e-01 2.937773189480827205e+04 2.968792492071763627e+04
1.510826723954521514e-02 3.102465069943255571e+02 6.565246041772921926e-01 2.938523623558938925e+04 2.969542703635899306e+04
1.540614895789264339e-02 3.102464258792865053e+02 6.565245793954338493e-01 2.938600000000000000e+04 2.969618849974208570e+04
1.570990385260893907e-02 3.102463415341505311e+02 6.565245536267243498e-01 2.937925887557413080e+04 2.968944499798134711e+04
1.601964772200776752e-02 3.102462538302928010e+02 6.565245268318663507e-01 2.936324635535804919e+04 2.967343002607227390e+04
1.633549864753692030e-02 3.102461626339669465e+02 6.565244989699968725e-01 2.933454782547328796e+04 2.964472897633867979e+04
1.665757703879372845e-02 3.102460678061008821e+02 6.565244699986263477e-01 2.929181891318281487e+04 2.960199747872098669e+04
1.698600567942782844e-02 3.102459692020847228e+02 6.565244398735730069e-01 2.923253736934080371e+04 2.954271329018598044e+04
1.732090977394923695e-02 3.102458666715502886e+02 6.565244085488957104e-01 2.915666685620977660e+04 2.946684007403799478e+04
1.766241699545906610e-02 3.102457600581417978e+02 6.565243759768237819e-01 2.906539526830969044e+04 2.937556572291419434e+04
1.801065753432145103e-02 3.102456491992776364e+02 6.565243421076847330e-01 2.895962033042249459e+04 2.926978796025845077e+04
1.836576414779518204e-02 3.102455339259021230e+02 6.565243068898274359e-01 2.884080250649674053e+04 2.915096724696427918e+04
1.872787221064367569e-02 3.102454140622281784e+02 6.565242702695445187e-01 2.871033592227586269e+04 2.902049770550376343e+04
1.909711976674300163e-02 3.102452894254691387e+02 6.565242321909897649e-01 2.856840166663661512e+04 2.887856042473285925e+04
1.947364758170741159e-02 3.102451598255597105e+02 6.565241925960930702e-01 2.841328830081819251e+04 2.872344397194665726e+04
1.985759919655228495e-02 3.102450250648665246e+02 6.565241514244717358e-01 2.824398021315009828e+04 2.855413274032606932e+04
2.024912098241539102e-02 3.102448849378869795e+02 6.565241086133390969e-01 2.805910189718853508e+04 2.836925123031954718e+04
2.064836219635679537e-02 3.102447392309357497e+02 6.565240640974080444e-01 2.785698006195383277e+04 2.816712615998013644e+04
2.105547503825910480e-02 3.102445877218182204e+02 6.565240178087915490e-01 2.763783448001337092e+04 2.794797730529250839e+04
2.147061470884962381e-02 3.102444301794933494e+02 6.565239696768990774e-01 2.740345012140765903e+04 2.771358963409151693e+04
2.189393946886628028e-02 3.102442663637200440e+02 6.565239196283302325e-01 2.715588564607266744e+04 2.746602180245713316e+04
2.232561069939031917e-02 3.102440960246911459e+02 6.565238675867606233e-01 2.689625118359383123e+04 2.720638393924108823e+04
2.276579296336850300e-02 3.102439189026529789e+02 6.565238134728269559e-01 2.662565919159366968e+04 2.693578850105027595e+04
2.321465406834814435e-02 3.102437347275096045e+02 6.565237572040057978e-01 2.634606654944708498e+04 2.665619236215185083e+04
2.367236513044934654e-02 3.102435432184093429e+02 6.565236986944875675e-01 2.605776995916694068e+04 2.636789222622010857e+04
2.413910063959821828e-02 3.102433440833191298e+02 6.565236378550458607e-01 2.575998078736560637e+04 2.607009946694767496e+04
2.461503852604650378e-02 3.102431370185772721e+02 6.565235745929011157e-01 2.545359125588912866e+04 2.576370630581212390e+04
2.510036022820272966e-02 3.102429217084313677e+02 6.565235088115792816e-01 2.513898707325655050e+04 2.544909845336663057e+04
2.559525076180054273e-02 3.102426978245568421e+02 6.565234404107647137e-01 2.481532148348524788e+04 2.512542916250523558e+04
2.609989879043098787e-02 3.102424650255564416e+02 6.565233692861472958e-01 2.448307451375323217e+04 2.479317846298194490e+04
2.661449669746549299e-02 3.102422229564400027e+02 6.565232953292632345e-01 2.414240238620301898e+04 2.445250258153682080e+04
2.713924065939660527e-02 3.102419712480823932e+02 6.565232184273297467e-01 2.379266329545831468e+04 2.410275972268825353e+04
2.767433072062517457e-02 3.102417095166621834e+02 6.565231384630730860e-01 2.343470432762331257e+04 2.374479697418215073e+04
2.821997086972168056e-02 3.102414373630757041e+02 6.565230553145500192e-01 2.306833941610952388e+04 2.337842827771720476e+04
2.877636911719139504e-02 3.102411543723287650e+02 6.565229688549609754e-01 2.269484036795266729e+04 2.300492543945068246e+04
2.934373757477285252e-02 3.102408601129041585e+02 6.565228789524577557e-01 2.231448084115662641e+04 2.262456212297448292e+04
2.992229253629952873e-02 3.102405541361040378e+02 6.565227854699420273e-01 2.192864722722469014e+04 2.223872471748065800e+04
3.051225456015605256e-02 3.102402359753656356e+02 6.565226882648562690e-01 2.153847673184621090e+04 2.184855042734603558e+04
3.111384855336023214e-02 3.102399051455508356e+02 6.565225871889662779e-01 2.114595895777816622e+04 2.145602884642434219e+04
3.172730385730255370e-02 3.102395611422056731e+02 6.565224820881356838e-01 2.075194315047657801e+04 2.106200921887723962e+04
3.235285433517647025e-02 3.102392034407928350e+02 6.565223728020902483e-01 2.035758790731467525e+04 2.066765013747484409e+04
3.299073846113246417e-02 3.102388314958906790e+02 6.565222591641738381e-01 1.996419327242143117e+04 2.027425163933676231e+04
3.364119941118966922e-02 3.102384447403630929e+02 6.565221410010945169e-01 1.957346362147546097e+04 1.988351808787079062e+04
3.430448515594035352e-02 3.102380425844949059e+02 6.565220181326600901e-01 1.918674871989371604e+04 1.949679923746162967e+04
3.498084855508178798e-02 3.102376244150930233e+02 6.565218903715029919e-01 1.880435477660377728e+04 1.911440129470020111e+04
3.567054745381218611e-02 3.102371895945518077e+02 6.565217575227957347e-01 1.842713354418687595e+04 1.873717600364646205e+04
3.637384478112735964e-02 3.102367374598817946e+02 6.565216193839524816e-01 1.805704795675499190e+04 1.836708627629616603e+04
3.709100865005503234e-02 3.102362673216993016e+02 6.565214757443210702e-01 1.769350446516904049e+04 1.800353856713215646e+04
3.782231245986573953e-02 3.102357784631756772e+02 6.565213263848619363e-01 1.733739305461268304e+04 1.764742284816740721e+04
3.856803500029903214e-02 3.102352701389452818e+02 6.565211710778133813e-01 1.698919606105969069e+04 1.729922144535463303e+04
3.932846055784421091e-02 3.102347415739696999e+02 6.565210095863451834e-01 1.664996948600733958e+04 1.695999034153209504e+04
4.010387902411718247e-02 3.102341919623568174e+02 6.565208416641967748e-01 1.632025723018866483e+04 1.663027342305266939e+04
4.089458600637345398e-02 3.102336204661327770e+02 6.565206670553026536e-01 1.600071918274233212e+04 1.631073056134678336e+04
4.170088294020051628e-02 3.102330262139657293e+02 6.565204854934013623e-01 1.569086733667513545e+04 1.600087374616208945e+04
4.252307720443213035e-02 3.102324082998382551e+02 6.565202967016292579e-01 1.539202200737514249e+04 1.570202326278872351e+04
4.336148223832790582e-02 3.102317657816664109e+02 6.565201003921001810e-01 1.510570764781683647e+04 1.541570352696307600e+04
4.421641766106360755e-02 3.102310976798656839e+02 6.565198962654639203e-01 1.483268353439249404e+04 1.514267378543344967e+04
4.508820939357749413e-02 3.102304029758581692e+02 6.565196840104521314e-01 1.457347529673714234e+04 1.488345963883515105e+04
4.597718978281846447e-02 3.102296806105205746e+02 6.565194633034028282e-01 1.432805169010824466e+04 1.463802982024347875e+04
4.688369772844470929e-02 3.102289294825724255e+02 6.565192338077674439e-01 1.409662209217240706e+04 1.440659367910272340e+04
4.780807881201969145e-02 3.102281484468971939e+02 6.565189951735969087e-01 1.387794646336789447e+04 1.418791117268719063e+04
4.875068542875586608e-02 3.102273363127995367e+02 6.565187470370094092e-01 1.367066475581587292e+04 1.398062225406583639e+04
4.971187692185594781e-02 3.102264918421906827e+02 6.565184890196348322e-01 1.347350276019535522e+04 1.378345271546357799e+04
5.069201971950246244e-02 3.102256137477043580e+02 6.565182207280386706e-01 1.328574048442179264e+04 1.359568255689195757e+04
5.169148747454871407e-02 3.102247006907354034e+02 6.565179417531217254e-01 1.310693990545924680e+04 1.341687374194509357e+04
5.271066120696393797e-02 3.102237512794020518e+02 6.565176516694970488e-01 1.293512292678256017e+04 1.324504819619572663e+04
5.374992944908651982e-02 3.102227640664264072e+02 6.565173500348410185e-01 1.276988099392545337e+04 1.307979735525549404e+04
5.480968839374156937e-02 3.102217375469318768e+02 6.565170363892200989e-01 1.260969987000122637e+04 1.291960700016207556e+04
5.589034204527885963e-02 3.102206701561504474e+02 6.565167102543887356e-01 1.245469424838512714e+04 1.276459180468248996e+04
5.699230237358810652e-02 3.102195602670424819e+02 6.565163711330617158e-01 1.230299601263531076e+04 1.261288368476894721e+04
5.811598947115182573e-02 3.102184061878193688e+02 6.565160185081545530e-01 1.215313150717887220e+04 1.246300901310171321e+04
5.926183171319372028e-02 3.102172061593682315e+02 6.565156518419975606e-01 1.200401350499997716e+04 1.231388058553984592e+04
6.043026592098535432e-02 3.102159583525753419e+02 6.565152705755149531e-01 1.185220415329383104e+04 1.216206064815819082e+04
6.162173752837253604e-02 3.102146608655422142e+02 6.565148741273729716e-01 1.169805440806095794e+04 1.200790015290608244e+04
6.283670075158458157e-02 3.102133117206918769e+02 6.565144618930950360e-01 1.153870029425345638e+04 1.184853522528900976e+04
6.407561876239205312e-02 3.102119088617596390e+02 6.565140332441397053e-01 1.137108782745518693e+04 1.168091200378838403e+04
6.533896386467868966e-02 3.102104501506644851e+02 6.565135875269429988e-01 1.119208808675196269e+04 1.150190171149707021e+04
6.662721767449393540e-02 3.102089333642575752e+02 6.565131240619230812e-01 1.100147821704260605e+04 1.131128155083739148e+04
6.794087130365655813e-02 3.102073561909390378e+02 6.565126421424438696e-01 1.079788324369549809e+04 1.110767665442206271e+04
6.928042554697724786e-02 3.102057162271437392e+02 6.565121410337397823e-01 1.058568657108951447e+04 1.089547031733598124e+04
7.064639107317322031e-02 3.102040109736853424e+02 6.565116199717951906e-01 1.036477947838678665e+04 1.067455387323025388e+04
7.203928861954701779e-02 3.102022378319558129e+02 6.565110781621803504e-01 1.013344330565336895e+04 1.044320879088027868e+04
7.345964919050314290e-02 3.102003940999748011e+02 6.565105147788421469e-01 9.888100730542177189e+03 1.019785797617206663e+04
7.490801425997917207e-02 3.101984769682815681e+02 6.565099289628446577e-01 9.625138511611605281e+03 9.934888448526889988e+03
7.638493597786831513e-02 3.101964835156658182e+02 6.565093198210617542e-01 9.347838776440612492e+03 9.657582296377848252e+03
7.789097738051103947e-02 3.101944107047252146e+02 6.565086864248155241e-01 9.061244929779753875e+03 9.370982780628030014e+03
7.942671260533797073e-02 3.101922553772526499e+02 6.565080278084626242e-01 8.769748629348685427e+03 9.079481417290151512e+03
8.099272710974377010e-02 3.101900142494359329e+02 6.565073429679230133e-01 8.475906804924316020e+03 8.785635064334624985e+03
8.258961789427697597e-02 3.101876839068686422e+02 6.565066308591512856e-01 8.181290467835331583e+03 8.491014699767623824e+03
8.421799373023065860e-02 3.101852607993648121e+02 6.565058903965463877e-01 7.888393834183330910e+03 8.198114441602294391e+03
8.587847539171936107e-02 3.101827412355672209e+02 6.565051204512977190e-01 7.600183364927011098e+03 7.909900603547621358e+03
8.757169589233268492e-02 3.101801213773406971e+02 6.565043198496676169e-01 7.319451912541911952e+03 7.629165874890493797e+03
8.929830072645481009e-02 3.101773972339464081e+02 6.565034873712028984e-01 7.049030523553845342e+03 7.358741108417302712e+03
9.105894811534111233e-02 3.101745646559841134e+02 6.565026217468776792e-01 6.791515540234921900e+03 7.101222437561650622e+03
9.285430925804784297e-02 3.101716193290933461e+02 6.565017216571602532e-01 6.549506975767684708e+03 6.859209634614024253e+03
9.468506858730794951e-02 3.101685567674089725e+02 6.565007857300051430e-01 6.325109673664164802e+03 6.634807304135239974e+03
9.655192403045276262e-02 3.101653723067538522e+02 6.564998125387639938e-01 6.120414981020507184e+03 6.430106522920032148e+03
9.845558727547812361e-02 3.101620610975662089e+02 6.564988006000144205e-01 5.936560462902996733e+03 6.246244627268653858e+03
1.003967840423556079e-01 3.101586180975443199e+02 6.564977483713017037e-01 5.773625472445238302e+03 6.083300803880779313e+03
1.023762543596937885e-01 3.101550380640026674e+02 6.564966542487915557e-01 5.631632148945252084e+03 5.941297016202716804e+03
1.043947528468544134e-01 3.101513155459259110e+02 6.564955165648297397e-01 5.508687964590702904e+03 5.818340719232014635e+03
1.064530490016299819e-01 3.101474448757073787e+02 6.564943335854035444e-01 5.402623927481625287e+03 5.712262941865269568e+03
1.085519274935941719e-01 3.101434201605641761e+02 6.564931035075047827e-01 5.310780343000235007e+03 5.620404076091936076e+03
1.106921884632361269e-01 3.101392352736119733e+02 6.564918244563853200e-01 5.229554949004342234e+03 5.539162069970862831e+03
1.128746478269916365e-01 3.101348838445874208e+02 6.564904944827057998e-01 5.154975896276689127e+03 5.464565369754846870e+03
1.151001375882899636e-01 3.101303592502057427e+02 6.564891115595710147e-01 5.082875597174721406e+03 5.392446762196979762e+03
1.173695061547318091e-01 3.101256546041386741e+02 6.564876735794459295e-01 5.009436577285089697e+03 5.318989174080487828e+03
1.196836186615220371e-01 3.101207627465955738e+02 6.564861783509516879e-01 4.930994720071737902e+03 5.240528939162862116e+03
1.220433573012793399e-01 3.101156762334970267e+02 6.564846235955331677e-01 4.843950894647673522e+03 5.153467440031407023e+03
1.244496216603475924e-01 3.101103873252201879e+02 6.564830069439937521e-01 4.745635914936521658e+03 5.055135961459980535e+03
1.269033290617390120e-01 3.101048879749021125e+02 6.564813259328947659e-01 4.634181253468377690e+03 4.943666405154028325e+03
1.294054149148391175e-01 3.100991698162837906e+02 6.564795780008105819e-01 4.509245429722211156e+03 4.818717561928655414e+03
1.319568330720052585e-01 3.100932241510751624e+02 6.564777604844348469e-01 4.370877279091019773e+03 4.680338507703307187e+03
1.345585561921980311e-01 3.100870419358250842e+02 6.564758706145340517e-01 4.220523578178567732e+03 4.529976068014591874e+03
1.372115761117801147e-01 3.100806137682754411e+02 6.564739055117402300e-01 4.061072942712610256e+03 4.370518668409653401e+03
1.399169042226274806e-01 3.100739298731789404e+02 6.564718621821752365e-01 3.895382437485132868e+03 4.204823136947612511e+03
1.426755718576954435e-01 3.100669800875628539e+02 6.564697375129041612e-01 3.727953817334175255e+03 4.037390657018785532e+03
1.454886306841855770e-01 3.100597538454126152e+02 6.564675282672072232e-01 3.563072778142211973e+03 3.872506283791450642e+03
1.483571531044657332e-01 3.100522401617587889e+02 6.564652310796655899e-01 3.405898578475112572e+03 3.715328363087616253e+03
1.512822326648947391e-01 3.100444276161383641e+02 6.564628424510505766e-01 3.260896153913797662e+03 3.570320900393390730e+03
1.542649844727063402e-01 3.100363043354104775e+02 6.564603587430128950e-01 3.131352345644741945e+03 3.440769896358439382e+03
1.573065456211147073e-01 3.100278579759017248e+02 6.564577761725610694e-01 3.019135981191748670e+03 3.328543509111372259e+03
1.604080756227993232e-01 3.100190757048521277e+02 6.564550908063206958e-01 2.924708496138646751e+03 3.234102720238111488e+03
1.635707568519381983e-01 3.100099441811388488e+02 6.564522985545671041e-01 2.846324760737457382e+03 3.155702391033177264e+03
1.667957949949565033e-01 3.100004495352476397e+02 6.564493951650227643e-01 2.781296731010571875e+03 3.090654715709730681e+03
1.700844195101607614e-01 3.099905773484645124e+02 6.564463762164088889e-01 2.726440386813904297e+03 3.035776099419670572e+03
1.734378840964369284e-01 3.099803126312573340e+02 6.564432371117420173e-01 2.677350837317038440e+03 2.986662476249759038e+03
1.768574671711897472e-01 3.099696398008173333e+02 6.564399730713669223e-01 2.630178371039502508e+03 2.939464969023380490e+03
1.803444723577035391e-01 3.099585426577284579e+02 6.564365791257131821e-01 2.580252981446443300e+03 2.889514773611595956e+03
1.839002289821137781e-01 3.099470043617300234e+02 6.564330501077668689e-01 2.523469514032965435e+03 2.832707976187810345e+03
1.875260925801771617e-01 3.099350074065422973e+02 6.564293806452444757e-01 2.456539865825688594e+03 2.765757667255780234e+03
1.912234454140315509e-01 3.099225335937150589e+02 6.564255651524588675e-01 2.379006195604692948e+03 2.688206512011150153e+03
1.949936969991474811e-01 3.099095640054667342e+02 6.564215978218629344e-01 2.292350949014774415e+03 2.601536901871976625e+03
1.988382846416662519e-01 3.098960789764731771e+02 6.564174726152631756e-01 2.199523114161415833e+03 2.508697247843250807e+03
2.027586739863345699e-01 3.098820580645685254e+02 6.564131832546835632e-01 2.104388073449961666e+03 2.413551919078862284e+03
2.067563595752424099e-01 3.098674800203175437e+02 6.564087232128722471e-01 2.010611573828934752e+03 2.319765533612038780e+03
2.108328654175754546e-01 3.098523227554165373e+02 6.564040857034330045e-01 1.922522629494024841e+03 2.231665537369542562e+03
2.149897455706028526e-01 3.098365633098812850e+02 6.563992636705691108e-01 1.843028708162597695e+03 2.152158121833058431e+03
2.192285847321200076e-01 3.098201778179754911e+02 6.563942497784247543e-01 1.774132717113782974e+03 2.083245087069570218e+03
2.235509988445701646e-01 3.098031414728340565e+02 6.563890364000057875e-01 1.716381020902259024e+03 2.025472141570785880e+03
2.279586357110803818e-01 3.097854284897338744e+02 6.563836156056670479e-01 1.668196779781016858e+03 1.977262634051237910e+03
2.324531756236401514e-01 3.097670120679628667e+02 6.563779791511462625e-01 1.626646624984841765e+03 1.935684061134154717e+03
2.370363320036679433e-01 3.097478643512343410e+02 6.563721184651297724e-01 1.588317767480756174e+03 1.897324896208910559e+03
2.417098520552071750e-01 3.097279563865965315e+02 6.563660246363293149e-01 1.549500838704353328e+03 1.858477404409328756e+03
2.464755174309990471e-01 3.097072580817831522e+02 6.563596884000542087e-01 1.507061703483578640e+03 1.816009068032016785e+03
2.513351449116900671e-01 3.096857381609447089e+02 6.563531001242555174e-01 1.459402580334649201e+03 1.768323172858246835e+03
2.562905870984309442e-01 3.096633641187092962e+02 6.563462497950254271e-01 1.406648298290216189e+03 1.715544828441099980e+03
2.613437331191290625e-01 3.096401021725077385e+02 6.563391270015302981e-01 1.350483300113589848e+03 1.659357891391242219e+03
2.664965093486290626e-01 3.096159172131050354e+02 6.563317209203521907e-01 1.293459758186213094e+03 1.602313313959617517e+03
2.717508801430891796e-01 3.095907727532740523e+02 6.563240202992223216e-01 1.238450761156293993e+03 1.547282550875803963e+03
2.771088485888397179e-01 3.095646308745454576e+02 6.563160134401169188e-01 1.188086835822163266e+03 1.496894378820499469e+03
2.825724572660058831e-01 3.095374521719690506e+02 6.563076881816956032e-01 1.143749427177029702e+03 1.452529046858277525e+03
2.881437890271848490e-01 3.095091956968159934e+02 6.562990318810567603e-01 1.105381292117241628e+03 1.414128938410578030e+03
2.938249677914770985e-01 3.094798188971519153e+02 6.562900313947795938e-01 1.071692053657265205e+03 1.380404159337714418e+03
2.996181593541742405e-01 3.094492775562090401e+02 6.562806730592323223e-01 1.040430924320281292e+03 1.349105232282226098e+03
3.055255722124076145e-01 3.094175257284807685e+02 6.562709426701138771e-01 1.009218151193006406e+03 1.317854052332155788e+03
3.115494584070800377e-01 3.093845156734649890e+02 6.562608254612030123e-01 9.763504469492290809e+02 1.284948713890621320e+03
3.176921143813934423e-01 3.093501977869762527e+02 6.562503060822816314e-01 9.412000748225026427e+02 1.249762181294513312e+03
3.239558818563064713e-01 3.093145205299452414e+02 6.562393685762052398e-01 9.044161743992988249e+02 1.212943282016867215e+03
3.303431487232528219e-01 3.092774303546276542e+02 6.562279963550865514e-01 8.676446167437478607e+02 1.176136603605958953e+03
3.368563499544582895e-01 3.092388716281330403e+02 6.562161721755572774e-01 8.325151105323590173e+02 1.140970366231528487e+03
3.434979685312089526e-01 3.091987865531921784e+02 6.562038781130783427e-01 8.003491567837260163e+02 1.108764643824907353e+03
3.502705363904211611e-01 3.091571150860737589e+02 6.561910955352573405e-01 7.714851578124140588e+02 1.079857195793116489e+03
3.571766353898719881e-01 3.091137948515602716e+02 6.561778050741425838e-01 7.452796102507011256e+02 1.053604836547418017e+03
3.642188982924635110e-01 3.090687610548932867e+02 6.561639865974493446e-01 7.204686634551521820e+02 1.028744795690334513e+03
3.714000097698931246e-01 3.090219463905954740e+02 6.561496191786843069e-01 6.958811622009094435e+02 1.004107089610645062e+03
3.787227074261094173e-01 3.089732809480752280e+02 6.561346810661253803e-01 6.706143109083051286e+02 9.787899760808511473e+02
3.861897828409524003e-01 3.089226921139180035e+02 6.561191496506145748e-01 6.448310109473641205e+02 9.529562624263335238e+02
3.938040826343648382e-01 3.088701044707682399e+02 6.561030014321219683e-01 6.193383153960406844e+02 9.274120573011796296e+02
4.015685095515900693e-01 3.088154396927043308e+02 6.560862119850341401e-01 5.949823905329324134e+02 9.030023739505386402e+02
4.094860235697660999e-01 3.087586164370080155e+02 6.560687559221234366e-01 5.722753230024352433e+02 8.802384299672696670e+02
4.175596430263343040e-01 3.086995502322275229e+02 6.560506068571486660e-01 5.512441263098692161e+02 8.591469464415495167e+02
4.257924457696995457e-01 3.086381533624367535e+02 6.560317373660378149e-01 5.313662198474901288e+02 8.392058513017254882e+02
4.341875703325780433e-01 3.085743347475884093e+02 6.560121189466037173e-01 5.120169596332456194e+02 8.197912730557890200e+02
4.427482171284746748e-01 3.085079998198623343e+02 6.559917219767396057e-01 4.928255997077721418e+02 8.005329666393535035e+02
4.514776496717573528e-01 3.084390503959072589e+02 6.559705156710398111e-01 4.737616378504953900e+02 7.814004458052545488e+02
4.603791958217800517e-01 3.083673845448790871e+02 6.559484680357934305e-01 4.552168757598324760e+02 7.627847941532598952e+02
4.694562490515405973e-01 3.082928964521747730e+02 6.559255458222879032e-01 4.375201060897845196e+02 7.450140918424224310e+02
4.787122697413511707e-01 3.082154762787664595e+02 6.559017144783718667e-01 4.207701550425651931e+02 7.281867872059408455e+02
4.881507864980121347e-01 3.081350100160414058e+02 6.558769380982094610e-01 4.048757700515241709e+02 7.122115825579658122e+02
4.977753974999984399e-01 3.080513793360510135e+02 6.558511793701692350e-01 3.895416484264878818e+02 6.967935622734012213e+02
5.075897718691696481e-01 3.079644614370844806e+02 6.558243995227820422e-01 3.745498097265362389e+02 6.817150497896756178e+02
5.175976510695191601e-01 3.078741288844756809e+02 6.557965582687006467e-01 3.599351609449822149e+02 6.670107591721514382e+02
5.278028503335103760e-01 3.077802494465633458e+02 6.557676137465986432e-01 3.458100891607350036e+02 6.527926877364401435e+02
5.382092601165263668e-01 3.076826859257265028e+02 6.557375224609356401e-01 3.322978076787545092e+02 6.391835850342155254e+02
5.488208475800028241e-01 3.075812959844221837e+02 6.557062392195206479e-01 3.193892182168608542e+02 6.261741623308112139e+02
5.596416581038012872e-01 3.074759319661596919e+02 6.556737170687997329e-01 3.069790190746736016e+02 6.136591674316587159e+02
5.706758168283985189e-01 3.073664407113548123e+02 6.556399072267969919e-01 2.949758683341837013e+02 6.015473000353872521e+02
5.819275302274846684e-01 3.072526633680113832e+02 6.556047590136302450e-01 2.833491370766506066e+02 5.898078299607134340e+02
5.934010877115700744e-01 3.071344351971910100e+02 6.555682197795278388e-01 2.721365168207794909e+02 5.784781518625966328e+02
6.051008632632021156e-01 3.070115853732396545e+02 6.555302348302651794e-01 2.613664567123311713e+02 5.675864186554267690e+02
6.170313171044323752e-01 3.068839367787542756e+02 6.554907473499425041e-01 2.510328866194225839e+02 5.571263474931433848e+02
6.291969973971505148e-01 3.067513057942827572e+02 6.554496983210237326e-01 2.410958625848071790e+02 5.470578826726414263e+02
6.416025419769502136e-01 3.066135020827659901e+02 6.554070264415513547e-01 2.315313993882085128e+02 5.373568801480830643e+02
6.542526801211795418e-01 3.064703283687513249e+02 6.553626680394558646e-01 2.223164257186870145e+02 5.280001064722100637e+02
6.671522343518461184e-01 3.063215802124153697e+02 6.553165569838729221e-01 2.134396754906547642e+02 5.189760899763292628e+02
6.803061222740746095e-01 3.061670457784649102e+02 6.552686245933838638e-01 2.048985486957107582e+02 5.102819856075076359e+02
6.937193584508122290e-01 3.060065055999955916e+02 6.552187995410923005e-01 1.966745406062268273e+02 5.018990952275560176e+02
7.073970563144909018e-01 3.058397323374230155e+02 6.551670077564492045e-01 1.887663231549115608e+02 4.938258242470886898e+02
7.213444301163866035e-01 3.056664905326151143e+02 6.551131723237388904e-01 1.811682397536920632e+02 4.860562552297370758e+02
7.355667969144136231e-01 3.054865363583933231e+02 6.550572133771377370e-01 1.738645684205799569e+02 4.785744397088401456e+02
7.500695786001031484e-01 3.052996173635947343e+02 6.549990479922565001e-01 1.668426756273516105e+02 4.713674994917416825e+02
7.648583039655585392e-01 3.051054722139239743e+02 6.549385900740806177e-01 1.600880877139899212e+02 4.644207193682254911e+02
7.799386108111522331e-01 3.049038304288597487e+02 6.548757502412181353e-01 1.536005910183604044e+02 4.577335683620821101e+02
7.953162480947858493e-01 3.046944121149194871e+02 6.548104357063697645e-01 1.473646113231226877e+02 4.512902198971429470e+02
8.109970781235277260e-01 3.044769276956302519e+02 6.547425501529364755e-01 1.413623664673907570e+02 4.450726481970532404e+02
8.269870787884526786e-01 3.042510776386004636e+02 6.546719936076783597e-01 1.356057403155373322e+02 4.390923254163161573e+02
8.432923458435540587e-01 3.040165521801354771e+02 6.545986623093451584e-01 1.300697604231765467e+02 4.333240568486883149e+02
8.599190952295866497e-01 3.037730310478948468e+02 6.545224485731963027e-01 1.247568127980650985e+02 4.277698453903884683e+02
8.768736654437196965e-01 3.035201831821501059e+02 6.544432406513355227e-01 1.196580601715804022e+02 4.224205226833877873e+02
8.941625199559237736e-01 3.032576664562580504e+02 6.543609225887866421e-01 1.147564114506949977e+02 4.172587120753068461e+02
9.117922496729874426e-01 3.029851273970381271e+02 6.542753740752393909e-01 1.100459855761708354e+02 4.122781701007448873e+02
9.297695754511243749e-01 3.027022009058088656e+02 6.541864702924042874e-01 1.055269803450875798e+02 4.074786776198654366e+02
9.481013506581196237e-01 3.024085099809184385e+02 6.540940817569141918e-01 1.011892793463150042e+02 4.028497592861900216e+02
9.667945637859854946e-01 3.021036654426830523e+02 6.539980741587219093e-01 9.701554026235071149e+01 3.983737623717178735e+02
9.858563411151367584e-01 3.017872656617358302e+02 6.538983081949469867e-01 9.301302744910756815e+01 3.940574464245545414e+02
1.005293949431093736e+00 3.014588962918800235e+02 6.537946393991374006e-01 8.917027090397405686e+01 3.898889645979324428e+02
1.025114798794745541e+00 3.011181300086381043e+02 6.536869179659108298e-01 8.548168667212095784e+01 3.858623006479900255e+02
1.045326445367232626e+00 3.007645262547927132e+02 6.535749885709654095e-01 8.194043817415236219e+01 3.819701849790395727e+02
1.065936594290531003e+00 3.003976309943249134e+02 6.534586901864465336e-01 7.853909979436667754e+01 3.782047542616231226e+02
1.086953102624827805e+00 3.000169764762682121e+02 6.533378558916782541e-01 7.528160219093632577e+01 3.745693823293858600e+02
1.108383982343810192e+00 2.996220810101231677e+02 6.532123126792780399e-01 7.215436868003945392e+01 3.710500858682947865e+02
1.130237403389021678e+00 2.992124487545995066e+02 6.530818812566880904e-01 6.914822967694507838e+01 3.676372429281646532e+02
1.152521696784417626e+00 2.987875695215908536e+02 6.529463758431772735e-01 6.626598228426310300e+01 3.643330626296766468e+02
1.175245357812350733e+00 2.983469185974224160e+02 6.528056039623809648e-01 6.350535613652034073e+01 3.611347187657844415e+02
1.198417049252165301e+00 2.978899565835613998e+02 6.526593662304721599e-01 6.085363303951779557e+01 3.580290427715928558e+02
1.222045604682645781e+00 2.974161292591288657e+02 6.525074561400742157e-01 5.831367265452409043e+01 3.550182556287331295e+02
1.246140031849577889e+00 2.969248674677060649e+02 6.523496598400525537e-01 5.587713903615999556e+01 3.520934983077069091e+02
1.270709516099716607e+00 2.964155870310945033e+02 6.521857559113506397e-01 5.353608601362852681e+01 3.492462912056229243e+02
1.295763423882434928e+00 2.958876886928492240e+02 6.520155151390601977e-01 5.129074079290226962e+01 3.464762112104442622e+02
1.321311306320440249e+00 2.953405580945788529e+02 6.518387002809502562e-01 4.913938707517329618e+01 3.437808979563516800e+02
1.347362902850876454e+00 2.947735657881756879e+02 6.516550658327123768e-01 4.707821090079603010e+01 3.411559068675136928e+02
1.373928144938218354e+00 2.941860672873164617e+02 6.514643577902172744e-01 4.509955788698025714e+01 3.385929991550267459e+02
1.401017159860384220e+00 2.935774031617483502e+02 6.512663134091105643e-01 4.320186952114423917e+01 3.360899315087673358e+02
1.428640274569469071e+00 2.929468991780567535e+02 6.510606609621343299e-01 4.138223296345075397e+01 3.336431118743653883e+02
1.456808019628625717e+00 2.922938664907787256e+02 6.508471194945847360e-01 3.963806095373155358e+01 3.312492549112936331e+02
1.485531133226553724e+00 2.916176018879088474e+02 6.506253985783834182e-01 3.796862039297631242e+01 3.289068826380818678e+02
1.514820565271142838e+00 2.909173880950049238e+02 6.503951980652864506e-01 3.636507173202669918e+01 3.266065430216905270e+02
1.544687481563824738e+00 2.901924941422672077e+02 6.501562078398068767e-01 3.482884455235674892e+01 3.243488600914345739e+02
1.575143268056245160e+00 2.894421757991188997e+02 6.499081075724955081e-01 3.335818718905046154e+01 3.221313172687767974e+02
1.606199535190829142e+00 2.886656760809579509e+02 6.496505664742820985e-01 3.194603237264204765e+01 3.199461795125074559e+02
1.637868122326961551e+00 2.878622258328783801e+02 6.493832430526510491e-01 3.059658627875925063e+01 3.177967454586155327e+02
1.670161102254416274e+00 2.870310443952746482e+02 6.491057848704973043e-01 2.929957534463938629e+01 3.156721282490385647e+02
1.703090785795778439e+00 2.861713403563350653e+02 6.488178283085850317e-01 2.805960869346842657e+01 3.135759943967377694e+02
1.736669726499624256e+00 2.852823123964972751e+02 6.485189983326138385e-01 2.686995745188401941e+01 3.115009154760342085e+02
1.770910725426200427e+00 2.843631502299864451e+02 6.482089082659834300e-01 2.572909148660512813e+01 3.094445404626605978e+02
1.805826836027494720e+00 2.834130356485639481e+02 6.478871595694364327e-01 2.463639500292501339e+01 3.074054010938835404e+02
1.841431369123507800e+00 2.824311436725907356e+02 6.475533416288583588e-01 2.358891807906005766e+01 3.053797482875340279e+02
1.877737897976637260e+00 2.814166438144484914e+02 6.472070315526100570e-01 2.258684191005248110e+01 3.033668765722560465e+02
1.914760263466131596e+00 2.803687014592460969e+02 6.468477939798733534e-01 2.162562798810888154e+01 3.013614882131119543e+02
1.952512579364527490e+00 2.792864793675869350e+02 6.464751809016017203e-01 2.070646899841382549e+01 2.993638540045445211e+02
1.991009237718156966e+00 2.781691393049475778e+02 6.460887314957782790e-01 1.982357531924422389e+01 2.973674706070026446e+02
2.030264914333721471e+00 2.770158438019504956e+02 6.456879719788030103e-01 1.897999451439202190e+01 2.953744048882039692e+02
2.070294574373046093e+00 2.758257580494660601e+02 6.452724154749505114e-01 1.817150806734461810e+01 2.933796869462004793e+02
2.111113478058133985e+00 2.745980519320646067e+02 6.448415619059675308e-01 1.739678883852205260e+01 2.913811564111673533e+02
2.152737186488733023e+00 2.733319022028458676e+02 6.443948979030029722e-01 1.665302926997726018e+01 2.893752351080628955e+02
2.195181567574555626e+00 2.720264948021012970e+02 6.439318967431969520e-01 1.594118681367022106e+01 2.873619860038656952e+02
2.238462802084505210e+00 2.706810273215954794e+02 6.434520183133847215e-01 1.525950737427950443e+01 2.853388685110315919e+02
2.282597389815152145e+00 2.692947116155008302e+02 6.429547091035081596e-01 1.460661300776550853e+01 2.833037217592395223e+02
2.327602155880828416e+00 2.678667765581641333e+02 6.424394022324556586e-01 1.398057734375105632e+01 2.812538796791023969e+02
2.373494257127765739e+00 2.663964709479305952e+02 6.419055175091876730e-01 1.338176925842380882e+01 2.791888970863543591e+02
2.420291188674648541e+00 2.648830665551936363e+02 6.413524615321340994e-01 1.280786139792591527e+01 2.771057711225099638e+02
2.468010790582172209e+00 2.633258613116765332e+02 6.407796278299753290e-01 1.225804065927463782e+01 2.750029778073705415e+02
2.516671254654078815e+00 2.617241826366830537e+02 6.401863970470409448e-01 1.173010022493764382e+01 2.728776980086966546e+02
2.566291131372286483e+00 2.600773908946850383e+02 6.395721371766780461e-01 1.122500418225597940e+01 2.707301656971116017e+02
2.616889336968755142e+00 2.583848829771357600e+02 6.389362038460394411e-01 1.074162246927617304e+01 2.685586559527356485e+02
2.668485160636805631e+00 2.566460959998300950e+02 6.382779406558460877e-01 1.027813564695331650e+01 2.663608359358940447e+02
2.721098271884569986e+00 2.548605111054634165e+02 6.375966795787537666e-01 9.834556076593202079e+00 2.641361539535733982e+02
2.774748728033479939e+00 2.530276573592948353e+02 6.368917414200228055e-01 9.409442748319507999e+00 2.618827335570113064e+02
2.829456981864570952e+00 2.511471157240003151e+02 6.361624363442329733e-01 9.002017694557418181e+00 2.595993800298250562e+02
2.885243889415543883e+00 2.492185230979188191e+02 6.354080644718169690e-01 8.611874336889469461e+00 2.572853045806386945e+02
2.942130717931587203e+00 2.472415763989698974e+02 6.346279165491766072e-01 8.238122841256368289e+00 2.549393258569667182e+02
3.000139153972902761e+00 2.452160366745755198e+02 6.338212746961258137e-01 7.879914982705059856e+00 2.525603690073342875e+02
3.059291311682140524e+00 2.431417332159596469e+02 6.329874132343324966e-01 7.536736975818901563e+00 2.501477419007438243e+02
3.119609741214812271e+00 2.410185676532701677e+02 6.321255996003409816e-01 7.208188893690607557e+00 2.477009309008681726e+02
3.181117437335917231e+00 2.388465180060816806e+02 6.312350953466082659e-01 6.893407992284054764e+00 2.452190704825325440e+02
3.243837848186100548e+00 2.366256426620257969e+02 6.303151572338072661e-01 6.592060395688958963e+00 2.427018676006184990e+02
3.307794884220580656e+00 2.343560842545964249e+02 6.293650384174093171e-01 6.303321247967892837e+00 2.401486614876048122e+02
3.373012927324388954e+00 2.320380734096120534e+02 6.283839897312677447e-01 6.026679039291892970e+00 2.375591713254986246e+02
3.439516840107293305e+00 2.296719323284376060e+02 6.273712610705742820e-01 5.762026088795840550e+00 2.349335783182019100e+02
3.507331975381996703e+00 2.272580781748891923e+02 6.263261028761419880e-01 5.508250303820540594e+00 2.322712415059932027e+02
3.576484185829199802e+00 2.247970262318231676e+02 6.252477677214869356e-01 5.265202129278853782e+00 2.295725005260481169e+02
3.646999833853263429e+00 2.222893927927619870e+02 6.241355120036180537e-01 5.032778556804221815e+00 2.268378359633188950e+02
3.718905801632117036e+00 2.197358977535919848e+02 6.229885977378153417e-01 4.809942764496274670e+00 2.240669883503927053e+02
3.792229501365389943e+00 2.171373668693771606e+02 6.218062944559549221e-01 4.596708911698367039e+00 2.212607566901930909e+02
3.866998885724558299e+00 2.144947336417492068e+02 6.205878812071431438e-01 4.392350374739651286e+00 2.184193817287332706e+02
3.943242458509138793e+00 2.118090408031252991e+02 6.193326486585362112e-01 4.196920462100512950e+00 2.155439139178081120e+02
4.020989285513018707e+00 2.090814413652378789e+02 6.180399012932455971e-01 4.009799044846524829e+00 2.126349125713787203e+02
4.100269005604952000e+00 2.063131992011280715e+02 6.167089597011745639e-01 3.830635368966485821e+00 2.096932909893625094e+02
4.181111842027610770e+00 2.035056891318517955e+02 6.153391629574822552e-01 3.659098897947311357e+00 2.067200928683464838e+02
4.263548613919363461e+00 2.006603964917146072e+02 6.139298710821394778e-01 3.494943242264605399e+00 2.037165475762524238e+02
4.347610748063238439e+00 1.977789161488312857e+02 6.124804675727449910e-01 3.337753885735408765e+00 2.006838480803043012e+02
4.433330290867522727e+00 1.948629509612255220e+02 6.109903620013756864e-01 3.187575868617027464e+00 1.976236967168055969e+02
4.520739920582619753e+00 1.919143096524849170e+02 6.094589926648164013e-01 3.043822295561346536e+00 1.945373528120721573e+02
4.609872959758697597e+00 1.889349040951707650e+02 6.078858292760173088e-01 2.906248160371194267e+00 1.914264787124485849e+02
4.700763387949036698e+00 1.859267459946673000e+02 6.062703756830928326e-01 2.774751629136595898e+00 1.882929597471902525e+02
4.793445854663807459e+00 1.828919429709365261e+02 6.046121726006359332e-01 2.648799918624259675e+00 1.851384102183325808e+02
4.887955692579245337e+00 1.798326940406440144e+02 6.029108003365620805e-01 2.528287960363220233e+00 1.819649033132795068e+02
4.984328931007314445e+00 1.767512845072810421e+02 6.011658814961777786e-01 2.413054235211543386e+00 1.787745501006082236e+02
5.082602309630846804e+00 1.736500802721900527e+02 5.993770836436913552e-01 2.302821201201437518e+00 1.755694456270575756e+02
5.182813292509588443e+00 1.705315215847010393e+02 5.975441218999799631e-01 2.197355250942997884e+00 1.723517982285403889e+02
5.285000082362347307e+00 1.673981162548961379e+02 5.956667614541520939e-01 2.096575585385628049e+00 1.691240114575618065e+02
5.389201635130731027e+00 1.642524323577251266e+02 5.937448199652963776e-01 2.000155227716796880e+00 1.658883465974179217e+02
5.495457674830086958e+00 1.610970904622715807e+02 5.917781698298597570e-01 1.908032097770190783e+00 1.626473368238866328e+02
5.603808708693140517e+00 1.579347554248592473e+02 5.897667402893680411e-01 1.819925492171241110e+00 1.594033818085061966e+02
5.714296042612323490e+00 1.547681277893165088e+02 5.877105193527361049e-01 1.735685042826624391e+00 1.561590249255780520e+02
5.826961796886510392e+00 1.515999348420881461e+02 5.856095555072585723e-01 1.655244955051625055e+00 1.529169044286396684e+02
5.941848922278245126e+00 1.484329213739075612e+02 5.834639591925612212e-01 1.578352349499272833e+00 1.496795273199583107e+02
6.059001216387535749e+00 1.452698402034324943e+02 5.812739040123727774e-01 1.504870000900504934e+00 1.464495027751333112e+02
6.178463340348555377e+00 1.421134425215450108e+02 5.790396276599677483e-01 1.434671916575581907e+00 1.432294480186509418e+02
6.300280835855414097e+00 1.389664681179251602e+02 5.767614325345932214e-01 1.367647877923083177e+00 1.400219818390580713e+02
6.424500142523739576e+00 1.358316355539769233e+02 5.744396860281161254e-01 1.303599928738130354e+00 1.368296351466143506e+02
6.551168615594511913e+00 1.327116323482336782e+02 5.720748204635612844e-01 1.242401532256609764e+00 1.336549648716426759e+02
6.680334543986950813e+00 1.296091052419374421e+02 5.696673326701463536e-01 1.183979226859850797e+00 1.305005283291413321e+02
6.812047168707409561e+00 1.265266506135793918e+02 5.672177831828515426e-01 1.128189242690595950e+00 1.273687799456921255e+02
6.946356701621091645e+00 1.234668051117654812e+02 5.647267950584968776e-01 1.074917535182746464e+00 1.242621382908220653e+02
7.083314344594016099e+00 1.204320365757910594e+02 5.621950523046679304e-01 1.024069303478102766e+00 1.211829684699295342e+02
7.222972309012329006e+00 1.174247353127574058e+02 5.596232979226343218e-01 9.755413027898817147e-01 1.181335527585115841e+02
7.365383835686458269e+00 1.144472057988638625e+02 5.570123315705435285e-01 9.292194173322677608e-01 1.151160809469253792e+02
7.510603215147792611e+00 1.115016588706327099e+02 5.543630068585796433e-01 8.850151823730445511e-01 1.121326690541346807e+02
7.658685808345383705e+00 1.085902044692187047e+02 5.516762282933713735e-01 8.428257686031402907e-01 1.091853230502492806e+02
7.809688067750862217e+00 1.057148449975444606e+02 5.489529478945738283e-01 8.025718072755462229e-01 1.062759592585081236e+02
7.963667558879401476e+00 1.028774693457779108e+02 5.461941615121389537e-01 7.641516601458409053e-01 1.034063660144710042e+02
8.120682982235004843e+00 1.000798476355561490e+02 5.434009048781742734e-01 7.275110204200972985e-01 1.005782469710922555e+02
8.280794195688466530e+00 9.732362672735951037e+01 5.405742494323235725e-01 6.925489676865272948e-01 9.779315133438628038e+01
8.444062237296622087e+00 9.461032652854086678e+01 5.377152979641400821e-01 6.592145718043078695e-01 9.505253671964831597e+01
8.610549348571362671e+00 9.194133713175249056e+01 5.348251801198155020e-01 6.274135344300661998e-01 9.235770263375651723e+01
8.780318998207578218e+00 8.931791680491802765e+01 5.319050478237056234e-01 5.970982093464008988e-01 8.970984919513419698e+01
8.953435906278864209e+00 8.674119084458823181e+01 5.289560706672649104e-01 5.681915836914157580e-01 8.711002503407154052e+01
9.129966068910277954e+00 8.421215129458290960e+01 5.259794313191038517e-01 5.406231023325502871e-01 8.455915114406182909e+01
9.309976783437637238e+00 8.173165752142433860e+01 5.229763210098602455e-01 5.143523956220359405e-01 8.205803635183531242e+01
9.493536674062704961e+00 7.930043762738173996e+01 5.199479351443490049e-01 4.893063619646463858e-01 7.960733823045062252e+01
9.680715718014365478e+00 7.691909067116129961e+01 5.168954690909919325e-01 4.654501275061147525e-01 7.720761056778491138e+01
9.871585272225535945e+00 7.458808965563862614e+01 5.138201141948742778e-01 4.427117545261753939e-01 7.485925889284716561e+01
1.006621810053605692e+01 7.230778523176078920e+01 5.107230540559513088e-01 4.210911889324289170e-01 7.256261152830508365e+01
1.026468840143190953e+01 7.007841005813008906e+01 5.076054611080590417e-01 4.004564797134465559e-01 7.031779953771720670e+01
1.046707183633146698e+01 6.790008374710339467e+01 5.044684935276168014e-01 3.808975534532726415e-01 6.812497545472874094e+01
1.067344555842922382e+01 6.577281832081727941e+01 5.013132924934283752e-01 3.622479606431085464e-01 6.598403176247235535e+01
1.088388824210844774e+01 6.369652409467644816e+01 4.981409798110102427e-01 3.444792774787778233e-01 6.389484331507316739e+01
1.109848011293362902e+01 6.167101590184284277e+01 4.949526559066779186e-01 3.275371475240133057e-01 6.185717533340726249e+01
1.131730297823428089e+01 5.969601957034781492e+01 4.917493981884560328e-01 3.114509923381652001e-01 5.987075241882426013e+01
1.154044025829185394e+01 5.777117856477170932e+01 4.885322597630277208e-01 2.961178776574744931e-01 5.793514248227494789e+01
1.176797701814132324e+01 5.589606070698727791e+01 4.853022684907102868e-01 2.815474335130455086e-01 5.604990216217043297e+01
1.200000000000000178e+01 5.407016489505437562e+01 4.820604263540427814e-01 2.676984518828450788e-01 5.421449136331883523e+01
