1.000000000000000048e-04 3.028546899864510920e+02 7.549732442709908842e-01 7.478400000000000318e+02 1.050694689986451067e+03
1.020586453791394438e-04 3.028546899826233698e+02 7.549732442697686396e-01 7.625763332207397980e+02 1.065431023200894060e+03
1.041596709662495103e-04 3.028546899786368840e+02 7.549732442684949918e-01 7.775998371014607073e+02 1.080454527074956331e+03
1.063039492195230534e-04 3.028546899744840744e+02 7.549732442671688304e-01 7.929326337446036632e+02 1.095787323711059344e+03
1.084923705579736192e-04 3.028546899701590291e+02 7.549732442657877129e-01 8.085173536118576294e+02 1.111372043570872393e+03
1.107258437311841838e-04 3.028546899656536766e+02 7.549732442643488639e-01 8.244376750340038598e+02 1.127292364985151153e+03
1.130052961966694793e-04 3.028546899609611955e+02 7.549732442628503959e-01 8.406861861008679853e+02 1.143540876043699882e+03
1.153316745050050559e-04 3.028546899560734573e+02 7.549732442612893113e-01 8.572381305270188250e+02 1.160092820461060910e+03
1.177059446928866061e-04 3.028546899509822765e+02 7.549732442596633897e-01 8.741406616350798231e+02 1.176995351559831079e+03
1.201290926842791439e-04 3.028546899456795813e+02 7.549732442579698555e-01 8.913625294996169259e+02 1.194217219414549845e+03
1.226021246998262057e-04 3.028546899401559926e+02 7.549732442562058221e-01 9.089041628530197841e+02 1.211758852757576733e+03
1.251260676746860669e-04 3.028546899344028702e+02 7.549732442543687361e-01 9.267959309321325918e+02 1.229650620825725127e+03
1.277019696849698827e-04 3.028546899284104370e+02 7.549732442524550446e-01 9.450790772644367053e+02 1.247933767146440459e+03
1.303309003829597121e-04 3.028546899221684612e+02 7.549732442504616392e-01 9.636827801894058894e+02 1.266537470059165344e+03
1.330139514412843416e-04 3.028546899156672225e+02 7.549732442483856332e-01 9.826418069872615888e+02 1.285496496844084504e+03
1.357522370062412629e-04 3.028546899088954660e+02 7.549732442462229187e-01 1.001958903540448318e+03 1.304813593383602438e+03
1.385468941604486707e-04 3.028546899018416525e+02 7.549732442439704982e-01 1.021700404872227978e+03 1.324555094700936706e+03
1.413990833950239654e-04 3.028546898944948680e+02 7.549732442416238198e-01 1.041801995739605445e+03 1.344656685553052057e+03
1.443099890914812885e-04 3.028546898868422659e+02 7.549732442391799969e-01 1.062293716367661546e+03 1.365148406164983953e+03
1.472808200135496972e-04 3.028546898788716248e+02 7.549732442366342555e-01 1.083209171620960660e+03 1.386063861401245049e+03
1.503128098091174891e-04 3.028546898705686772e+02 7.549732442339832650e-01 1.104552174818970343e+03 1.407406864581252194e+03
1.534072175225075375e-04 3.028546898619210879e+02 7.549732442312212521e-01 1.126293778008521940e+03 1.429148467751783755e+03
1.565653281173011815e-04 3.028546898529137366e+02 7.549732442283448863e-01 1.148475547318670806e+03 1.451330237041837108e+03
1.597884530099225248e-04 3.028546898435315597e+02 7.549732442253485054e-01 1.171049171069457770e+03 1.473903860771396239e+03
1.630779306142096869e-04 3.028546898337589823e+02 7.549732442222275575e-01 1.194111537136626339e+03 1.496966226816131439e+03
1.664351268971955118e-04 3.028546898235799176e+02 7.549732442189769355e-01 1.217651188199596163e+03 1.520505877855395738e+03
1.698614359463294834e-04 3.028546898129777674e+02 7.549732442155909773e-01 1.241581185861179165e+03 1.544435875491942625e+03
1.733582805483786934e-04 3.028546898019341711e+02 7.549732442120640208e-01 1.265962360020393362e+03 1.568817049624706897e+03
1.769271127802434862e-04 3.028546897904315642e+02 7.549732442083907369e-01 1.290894528518984089e+03 1.593749218095341575e+03
1.805694146119389640e-04 3.028546897784503358e+02 7.549732442045643532e-01 1.316293159767220914e+03 1.619147849314042560e+03
1.842866985219867844e-04 3.028546897659708748e+02 7.549732442005792077e-01 1.342203030438875203e+03 1.645057719954488221e+03
1.880805081254785169e-04 3.028546897529718649e+02 7.549732441964274177e-01 1.368605388849731298e+03 1.671460078332367630e+03
1.919524188150656440e-04 3.028546897394326152e+02 7.549732441921037651e-01 1.395490689420560329e+03 1.698345378868363468e+03
1.959040384151483952e-04 3.028546897253297630e+02 7.549732441875999234e-01 1.422900880064071998e+03 1.725755569475067205e+03
1.999370078495296135e-04 3.028546897106404572e+02 7.549732441829092311e-01 1.450882234945356004e+03 1.753736924317451894e+03
2.040530018228136212e-04 3.028546896953402552e+02 7.549732441780225844e-01 1.479400332813069554e+03 1.782255022144059694e+03
2.082537295158345004e-04 3.028546896794035206e+02 7.549732441729334331e-01 1.508526604832779185e+03 1.811381294120321854e+03
2.125409352953977656e-04 3.028546896628040486e+02 7.549732441676316741e-01 1.538122478921135553e+03 1.840977168162787848e+03
2.169163994386364585e-04 3.028546896455138722e+02 7.549732441621105350e-01 1.568361885003525686e+03 1.871216574196668944e+03
2.213819388722755924e-04 3.028546896275042286e+02 7.549732441563589136e-01 1.599229759481176870e+03 1.902084448623040544e+03
2.259394079271192547e-04 3.028546896087460141e+02 7.549732441503683722e-01 1.630649254609043737e+03 1.933503943696730403e+03
2.305906991080658983e-04 3.028546895892072257e+02 7.549732441441282527e-01 1.662598915447510990e+03 1.965453604477965655e+03
2.353377438799794381e-04 3.028546895688557470e+02 7.549732441376290071e-01 1.695241742080200538e+03 1.998096431050146066e+03
2.401825134697358854e-04 3.028546895476576424e+02 7.549732441308596442e-01 1.728559841049756187e+03 2.031414529955734906e+03
2.451270196847815685e-04 3.028546895255777258e+02 7.549732441238081737e-01 1.762487157591725918e+03 2.065341846430106671e+03
2.501733157485448418e-04 3.028546895025796744e+02 7.549732441164634933e-01 1.797108262982973656e+03 2.099962951749891545e+03
2.553234971530421579e-04 3.028546894786247208e+02 7.549732441088133905e-01 1.832369891757507503e+03 2.135224580448901179e+03
2.605797025290405161e-04 3.028546894536731315e+02 7.549732441008447648e-01 1.868358117897105330e+03 2.171212806508645826e+03
2.659441145341301729e-04 3.028546894276838657e+02 7.549732440925449595e-01 1.905041199750397482e+03 2.207895888277527774e+03
2.714189607590806325e-04 3.028546894006135517e+02 7.549732440838999858e-01 1.942396070605624573e+03 2.245250759043542530e+03
2.770065146528557024e-04 3.028546893724171127e+02 7.549732440748950779e-01 1.980464416760801896e+03 2.283319105104412301e+03
2.827090964666719645e-04 3.028546893430478804e+02 7.549732440655161358e-01 2.019361336611940942e+03 2.322216024855803425e+03
2.885290742174902688e-04 3.028546893124570829e+02 7.549732440557465063e-01 2.058945627108456392e+03 2.361800315246894570e+03
2.944688646713424342e-04 3.028546892805935045e+02 7.549732440455710902e-01 2.099292288333646866e+03 2.402146976360627832e+03
3.005309343469037453e-04 3.028546892474049628e+02 7.549732440349721241e-01 2.140451137011160426e+03 2.443305824920275427e+03
3.067178005397208553e-04 3.028546892128354671e+02 7.549732440239320663e-01 2.182341977805218903e+03 2.485196665589747681e+03
3.130320323675299691e-04 3.028546891768278897e+02 7.549732440124328203e-01 2.225082215862682460e+03 2.527936903515448194e+03
3.194762518370906934e-04 3.028546891393228861e+02 7.549732440004556233e-01 2.268686911642969790e+03 2.571541599156381380e+03
3.260531349329832203e-04 3.028546891002578718e+02 7.549732439879796031e-01 2.313134227934727278e+03 2.615988915300769804e+03
3.327654127288203617e-04 3.028546890595675904e+02 7.549732439749851087e-01 2.358388622256733470e+03 2.661243309466973187e+03
3.396158725213365196e-04 3.028546890171848531e+02 7.549732439614499357e-01 2.404524873681502868e+03 2.707379560726964883e+03
3.466073589878214270e-04 3.028546889730390603e+02 7.549732439473516576e-01 2.451537412110146761e+03 2.754392098981353229e+03
3.537427753673815086e-04 3.028546889270569977e+02 7.549732439326667377e-01 2.499474812157421184e+03 2.802329498844312184e+03
3.610250846665220641e-04 3.028546888791620972e+02 7.549732439173716392e-01 2.548344377339700713e+03 2.851199063831642889e+03
3.684573108895436953e-04 3.028546888292749486e+02 7.549732439014400498e-01 2.598143907045927335e+03 2.900998593331678421e+03
3.760425402942727435e-04 3.028546887773129015e+02 7.549732438848454352e-01 2.648972789002747504e+03 2.951827475070324908e+03
3.837839226736397568e-04 3.028546887231893834e+02 7.549732438675609281e-01 2.700667618872078492e+03 3.003522304708993033e+03
3.916846726636407164e-04 3.028546886668143543e+02 7.549732438495569964e-01 2.753373229331783477e+03 3.056227914924675133e+03
3.997480710782286522e-04 3.028546886080941931e+02 7.549732438308044413e-01 2.807144433709244367e+03 3.109999119043932296e+03
4.079774662716796466e-04 3.028546885469316408e+02 7.549732438112719546e-01 2.861923097091498676e+03 3.164777782153061253e+03
4.163762755290117555e-04 3.028546884832249475e+02 7.549732437909265625e-01 2.917700752614850899e+03 3.220555437387522943e+03
4.249479864850230727e-04 3.028546884168681004e+02 7.549732437697349585e-01 2.974562864760117918e+03 3.277417549227131531e+03
4.336961585725435673e-04 3.028546883477513347e+02 7.549732437476627256e-01 3.032522293875547803e+03 3.335376978019165108e+03
4.426244245005024809e-04 3.028546882757593721e+02 7.549732437246716721e-01 3.091641747542736084e+03 3.394496431344103257e+03
4.517364917624246720e-04 3.028546882007727845e+02 7.549732437007238284e-01 3.151827023007376283e+03 3.454681706446700446e+03
4.610361441759788900e-04 3.028546881226668006e+02 7.549732436757803367e-01 3.213151859341679028e+03 3.516006542397936300e+03
4.705272434542203687e-04 3.028546880413118174e+02 7.549732436497988974e-01 3.275626366222531033e+03 3.578481048873471991e+03
4.802137308091833563e-04 3.028546879565732297e+02 7.549732436227371002e-01 3.339271079744323288e+03 3.642125761966401569e+03
4.900996285884796867e-04 3.028546878683094405e+02 7.549732435945495368e-01 3.404179195738698581e+03 3.707033877506851695e+03
5.001890419455960355e-04 3.028546877763742486e+02 7.549732435651896889e-01 3.470291233510144139e+03 3.773145914797981732e+03
5.104861605445714431e-04 3.028546876806149157e+02 7.549732435346082626e-01 3.537614878386181772e+03 3.840469559165788723e+03
5.209952602997691608e-04 3.028546875808722803e+02 7.549732435027551869e-01 3.606265389085908282e+03 3.909120069327548663e+03
5.317207051514658217e-04 3.028546874769804162e+02 7.549732434695763938e-01 3.676196782359495046e+03 3.979051462031808569e+03
5.426669488779941068e-04 3.028546873687674861e+02 7.549732434350181487e-01 3.747397987166277289e+03 4.050252666236147434e+03
5.538385369451885804e-04 3.028546872560530119e+02 7.549732433990222757e-01 3.819963015611621813e+03 4.122817694043817937e+03
5.652401083939041521e-04 3.028546871386499220e+02 7.549732433615288230e-01 3.893903273368297505e+03 4.196757951125536238e+03
5.768763977663986329e-04 3.028546870163631866e+02 7.549732433224757289e-01 3.969193917794966183e+03 4.272048594837888231e+03
5.887522370723626127e-04 3.028546868889901020e+02 7.549732432817982675e-01 4.045861920858304984e+03 4.348716597145232299e+03
6.008725577954329060e-04 3.028546867563181308e+02 7.549732432394288262e-01 4.124038217360686758e+03 4.426892892847197800e+03
6.132423929410061843e-04 3.028546866181278574e+02 7.549732431952967948e-01 4.203561720839655209e+03 4.506416395479222047e+03
6.258668791262110521e-04 3.028546864741891795e+02 7.549732431493292317e-01 4.284610299365720493e+03 4.587464973108642880e+03
6.387512587129070109e-04 3.028546863242631844e+02 7.549732431014495315e-01 4.367213882476566141e+03 4.670068555270185243e+03
6.519008819845953460e-04 3.028546861681007272e+02 7.549732430515778692e-01 4.451271349500998440e+03 4.754126021289946038e+03
6.653212093681411731e-04 3.028546860054424883e+02 7.549732429996321992e-01 4.536862694159449347e+03 4.839717364884932977e+03
6.790178137012329879e-04 3.028546858360180636e+02 7.549732429455258131e-01 4.624079865159587825e+03 4.926934534759119742e+03
6.929963825465278518e-04 3.028546856595463055e+02 7.549732428891683389e-01 4.712889656953641861e+03 5.015744325361247320e+03
7.072627205534253629e-04 3.028546854757337314e+02 7.549732428304668508e-01 4.803385081943786645e+03 5.106239749089356337e+03
7.218227518684743830e-04 3.028546852842754333e+02 7.549732427693232051e-01 4.895438306784085398e+03 5.198292972593972081e+03
7.366825225953926382e-04 3.028546850848528038e+02 7.549732427056363715e-01 4.989156546144449749e+03 5.292011210540360480e+03
7.518482033057305967e-04 3.028546848771349573e+02 7.549732426393006568e-01 5.084627432332982607e+03 5.387482095231756830e+03
7.673260916012277204e-04 3.028546846607766838e+02 7.549732425702052607e-01 5.181816110116701566e+03 5.484670771430535751e+03
7.831226147289076711e-04 3.028546844354187328e+02 7.549732424982359413e-01 5.280749704834151999e+03 5.583604364470082146e+03
7.992443322500203092e-04 3.028546842006865631e+02 7.549732424232729056e-01 5.381469330772997637e+03 5.684323988632518194e+03
8.156979387639201086e-04 3.028546839561903994e+02 7.549732423451915864e-01 5.484052085801060457e+03 5.786906741779615004e+03
8.324902666880200494e-04 3.028546837015240953e+02 7.549732422638624207e-01 5.588447806884297279e+03 5.891302460871568655e+03
8.496282890949785919e-04 3.028546834362639402e+02 7.549732421791499615e-01 5.694668244361632787e+03 5.997522896240910995e+03
8.671191226082939230e-04 3.028546831599705342e+02 7.549732420909140984e-01 5.802756235256605578e+03 6.105610884904252089e+03
8.849700303575049271e-04 3.028546828721840143e+02 7.549732419990077270e-01 5.912791177184655680e+03 6.215645824469454055e+03
9.031884249942285841e-04 3.028546825724263272e+02 7.549732419032784136e-01 6.024821937156048079e+03 6.327676581938933850e+03
9.217818717702955895e-04 3.028546822601996951e+02 7.549732418035672854e-01 6.138829990337773779e+03 6.441684632471798068e+03
9.407580916792398096e-04 3.028546819349857060e+02 7.549732416997078088e-01 6.254797966181249649e+03 6.557652605511133515e+03
9.601249646624749256e-04 3.028546815962437790e+02 7.549732415915287875e-01 6.372724785346438694e+03 6.675579421708034715e+03
9.798905328814641862e-04 3.028546812434112212e+02 7.549732414788496992e-01 6.492758115742342852e+03 6.795612748961013494e+03
1.000063004057254352e-03 3.028546808759022042e+02 7.549732413614838045e-01 6.614926129502583535e+03 6.917780759393435801e+03
1.020650754878762046e-03 3.028546804931060024e+02 7.549732412392351488e-01 6.739023583121499541e+03 7.041878209490637346e+03
1.041662334481225543e-03 3.028546800943864810e+02 7.549732411119021158e-01 6.865740079892293579e+03 7.168594702529061578e+03
1.063106467996260312e-03 3.028546796790817552e+02 7.549732409792717647e-01 6.994145198912227897e+03 7.296999817601699760e+03
1.084992060174997915e-03 3.028546792465017461e+02 7.549732408411247153e-01 7.124887514805033788e+03 7.427742129314379781e+03
1.107328199085821484e-03 3.028546787959276116e+02 7.549732406972313736e-01 7.257930974845478886e+03 7.560785584928773460e+03
1.130124159888209806e-03 3.028546783266108378e+02 7.549732405473520425e-01 7.393106920219181120e+03 7.695961525618015003e+03
1.153389408684286823e-03 3.028546778377727264e+02 7.549732403912390311e-01 7.530654018373861618e+03 7.833508618812683380e+03
1.177133606449650826e-03 3.028546773286003031e+02 7.549732402286316590e-01 7.670442709146461311e+03 7.973297304335238550e+03
1.201366613045125233e-03 3.028546767982477945e+02 7.549732400592606973e-01 7.812844361023533565e+03 8.115698950651559244e+03
1.226098491311102814e-03 3.028546762458344688e+02 7.549732398828439273e-01 7.957256018381058311e+03 8.260110602126636877e+03
1.251339511246177304e-03 3.028546756704423046e+02 7.549732396990892491e-01 8.103789513488766715e+03 8.406644091010753982e+03
1.277100154271792803e-03 3.028546750711162190e+02 7.549732395076905744e-01 8.253145814361425437e+03 8.556000385290541089e+03
1.303391117584692949e-03 3.028546744468601446e+02 7.549732393083311566e-01 8.405020846158537097e+03 8.707875410108083088e+03
1.330223318598965521e-03 3.028546737966365185e+02 7.549732391006783727e-01 8.559223336401570123e+03 8.862077892965284263e+03
1.357607899479538636e-03 3.028546731193661117e+02 7.549732388843879427e-01 8.715750955853838605e+03 9.018605504602466681e+03
1.385556231769006141e-03 3.028546724139234811e+02 7.549732386591010425e-01 8.875068510829323714e+03 9.177923051302394015e+03
1.414079921109698875e-03 3.028546716791367999e+02 7.549732384244421945e-01 9.036999129670062757e+03 9.339853661383300278e+03
1.443190812062963759e-03 3.028546709137852417e+02 7.549732381800227099e-01 9.201265952990930600e+03 9.504120475436890047e+03
1.472900993027662997e-03 3.028546701165975037e+02 7.549732379254363579e-01 9.367947927103878101e+03 9.670802439745164520e+03
1.503222801259925835e-03 3.028546692862498730e+02 7.549732376602594774e-01 9.537444716372119728e+03 9.840299218633947021e+03
1.534168827996233893e-03 3.028546684213619642e+02 7.549732373840525312e-01 9.709586893881412834e+03 1.001244138515920895e+04
1.565751923681977685e-03 3.028546675204978555e+02 7.549732370963565531e-01 9.884185214692572117e+03 1.018703969435101135e+04
1.597985203307645359e-03 3.028546665821608599e+02 7.549732367966928148e-01 1.006157766832286688e+04 1.036443213568411375e+04
1.630882051854870172e-03 3.028546656047918759e+02 7.549732364845642696e-01 1.024164433221370746e+04 1.054449878656382862e+04
1.664456129854594880e-03 3.028546645867677967e+02 7.549732361594523322e-01 1.042419588475382807e+04 1.072705032534254860e+04
1.698721379059651548e-03 3.028546635263971325e+02 7.549732358208167682e-01 1.060947824094148200e+04 1.091233266697088584e+04
1.733692028234116870e-03 3.028546624219185901e+02 7.549732354680950275e-01 1.079776061420652331e+04 1.110061502482730066e+04
1.769382599061869238e-03 3.028546612714973776e+02 7.549732351007012454e-01 1.098881615408043763e+04 1.129167054840041783e+04
1.805807912176753604e-03 3.028546600732223624e+02 7.549732347180250214e-01 1.118249753404888725e+04 1.148535191112925531e+04
1.842983093316914820e-03 3.028546588251031153e+02 7.549732343194308637e-01 1.137923488020385412e+04 1.168208923904180119e+04
1.880923579605806549e-03 3.028546575250662727e+02 7.549732339042564133e-01 1.157819790940634812e+04 1.188105224896490654e+04
1.919645125962507774e-03 3.028546561709520120e+02 7.549732334718118887e-01 1.178009895462144050e+04 1.208295327378602087e+04
1.959163811644010558e-03 3.028546547605112664e+02 7.549732330213793086e-01 1.198508948595102811e+04 1.228794378353967659e+04
1.999496046922192172e-03 3.028546532914008935e+02 7.549732325522101606e-01 1.219310777937310013e+04 1.249596205413888674e+04
2.040658579898233481e-03 3.028546517611802642e+02 7.549732320635250682e-01 1.240385496392430468e+04 1.270670921455965436e+04
2.082668503457321164e-03 3.028546501673073408e+02 7.549732315545124584e-01 1.261727501753713659e+04 1.292012924266340997e+04
2.125543262366540089e-03 3.028546485071348116e+02 7.549732310243263411e-01 1.283263053479211703e+04 1.313548473297984856e+04
2.169300660518858666e-03 3.028546467779045770e+02 7.549732304720870868e-01 1.305235215516450080e+04 1.335520632481781468e+04
2.213958868326271374e-03 3.028546449767438276e+02 7.549732298968756528e-01 1.327405984761652689e+04 1.357691398713730632e+04
2.259536430265120330e-03 3.028546431006608941e+02 7.549732292977370252e-01 1.349813425576621739e+04 1.380098836345455857e+04
2.306052272576747907e-03 3.028546411465391088e+02 7.549732286736766662e-01 1.372573600561553394e+04 1.402859007963041040e+04
2.353525711126689193e-03 3.028546391111324283e+02 7.549732280236574056e-01 1.395570258489575463e+04 1.425855662334201952e+04
2.401976459425657785e-03 3.028546369910594649e+02 7.549732273465996624e-01 1.418889725227889903e+04 1.449175125311908414e+04
2.451424636815641243e-03 3.028546347827983709e+02 7.549732266413783366e-01 1.442408623671632085e+04 1.472694019785657656e+04
2.501890776824534923e-03 3.028546324826810974e+02 7.549732259068222540e-01 1.466368348593466180e+04 1.496653740505072892e+04
2.553395835692751515e-03 3.028546300868862886e+02 7.549732251417113904e-01 1.490398057753931607e+04 1.520683445236127409e+04
2.605961201075379392e-03 3.028546275914346211e+02 7.549732243447735414e-01 1.514842225589813279e+04 1.545127608385659005e+04
2.659608700923484555e-03 3.028546249921801063e+02 7.549732235146862092e-01 1.539516446417604675e+04 1.569801824265685354e+04
2.714360612548238991e-03 3.028546222848054299e+02 7.549732226500700527e-01 1.564482031625987293e+04 1.594767404247208469e+04
2.770239671871647155e-03 3.028546194648129699e+02 7.549732217494891096e-01 1.589696096543670501e+04 1.619981463646147313e+04
2.827269082867720374e-03 3.028546165275180329e+02 7.549732208114459109e-01 1.615173699794149979e+04 1.645459061069200106e+04
2.885472527198014881e-03 3.028546134680414070e+02 7.549732198343837020e-01 1.640879715524903440e+04 1.671165070649313930e+04
2.944874174045515082e-03 3.028546102813006655e+02 7.549732188166791147e-01 1.666882355655552965e+04 1.697167704284090723e+04
3.005498690150976843e-03 3.028546069620019807e+02 7.549732177566415015e-01 1.693195141734054414e+04 1.723480483501624622e+04
3.067371250055869400e-03 3.028546035046316547e+02 7.549732166525097155e-01 1.719656211593355329e+04 1.749941546126666071e+04
3.130517546556196330e-03 3.028545999034459442e+02 7.549732155024493352e-01 1.746452114747358428e+04 1.776737441639266399e+04
3.194963801371525011e-03 3.028545961524631025e+02 7.549732143045504440e-01 1.773407674908549234e+04 1.803692993743404077e+04
3.260736776033641184e-03 3.028545922454514425e+02 7.549732130568227451e-01 1.800652202676411252e+04 1.830937513005985966e+04
3.327863782999357974e-03 3.028545881759213785e+02 7.549732117571941181e-01 1.828128677418275038e+04 1.858413978774914722e+04
3.396372696992132779e-03 3.028545839371120110e+02 7.549732104035047353e-01 1.855810130272099923e+04 1.886095422165546552e+04
3.466291966577115038e-03 3.028545795219827710e+02 7.549732089935065060e-01 1.883741078748141808e+04 1.914026360657956320e+04
3.537650625974536785e-03 3.028545749231984132e+02 7.549732075248570817e-01 1.911848064727034216e+04 1.942133336112035249e+04
3.610478307116262841e-03 3.028545701331200348e+02 7.549732059951166363e-01 1.940193436029609438e+04 1.970478696313835462e+04
3.684805251950547429e-03 3.028545651437902961e+02 7.549732044017442023e-01 1.968695237565005300e+04 1.998980486150442084e+04
3.760662325000115047e-03 3.028545599469209151e+02 7.549732027420926750e-01 1.997382278481475441e+04 2.027667514735710211e+04
3.838081026178767619e-03 3.028545545338790816e+02 7.549732010134050375e-01 2.026303631288620090e+04 2.056588854540399916e+04
3.917093503871828773e-03 3.028545488956727354e+02 7.549731992128096980e-01 2.055431382944222787e+04 2.085716592490004768e+04
3.997732568285857109e-03 3.028545430229357862e+02 7.549731973373157157e-01 2.084712833540982319e+04 2.114998028646720923e+04
4.080031705073231159e-03 3.028545369059125392e+02 7.549731953838072496e-01 2.114141241702860498e+04 2.144426421597238732e+04
4.164025089237144601e-03 3.028545305344414373e+02 7.549731933490392288e-01 2.143728178618715901e+04 2.174013342488881244e+04
4.249747599322932327e-03 3.028545238979383498e+02 7.549731912296316905e-01 2.173423175296819318e+04 2.203708322294822938e+04
4.337234831901487508e-03 3.028545169853792345e+02 7.549731890220635622e-01 2.203224200169511460e+04 2.233509329404253003e+04
4.426523116350858551e-03 3.028545097852803565e+02 7.549731867226679993e-01 2.233174372116952873e+04 2.263459482645177923e+04
4.517649529942154712e-03 3.028545022856812921e+02 7.549731843276255017e-01 2.263233899593505703e+04 2.293518990429599580e+04
4.610651913236023594e-03 3.028544944741242375e+02 7.549731818329570299e-01 2.293350452028081418e+04 2.323635522144733477e+04
4.705568885796061751e-03 3.028544863376321814e+02 7.549731792345184545e-01 2.323623965922581192e+04 2.353909014223483246e+04
4.802439862225730410e-03 3.028544778626895209e+02 7.549731765279931173e-01 2.353924441168969497e+04 2.384209466524663003e+04
4.901305068535396006e-03 3.028544690352177327e+02 7.549731737088858363e-01 2.384308809296608888e+04 2.414593810510585899e+04
5.002205558846327740e-03 3.028544598405523516e+02 7.549731707725128027e-01 2.414714685908021784e+04 2.444999661735426707e+04
5.105183232438573714e-03 3.028544502634198921e+02 7.549731677139963626e-01 2.445126385180700163e+04 2.475411334317898582e+04
5.210280851149776821e-03 3.028544402879106769e+02 7.549731645282561354e-01 2.475597374271467561e+04 2.505882295338959375e+04
5.317542057132165073e-03 3.028544298974538265e+02 7.549731612099990219e-01 2.506064882153318104e+04 2.536349773716307755e+04
5.427011390975112343e-03 3.028544190747889502e+02 7.549731577537137639e-01 2.536461142007940362e+04 2.566746002576409956e+04
5.538734310200793022e-03 3.028544078019377253e+02 7.549731541536582879e-01 2.566825860779543291e+04 2.597110688781767021e+04
5.652757208140552110e-03 3.028543960601733147e+02 7.549731504038529328e-01 2.597121502949105707e+04 2.627406296745886357e+04
5.769127433199915805e-03 3.028543838299914910e+02 7.549731464980673490e-01 2.627385581585692489e+04 2.657670339448806044e+04
5.887893308520157284e-03 3.028543710910751088e+02 7.549731424298146143e-01 2.657497204110543680e+04 2.687781924260142841e+04
6.009104152044668010e-03 3.028543578222628980e+02 7.549731381923360241e-01 2.687474996402621036e+04 2.717759676969441716e+04
6.132810296998411799e-03 3.028543440015129136e+02 7.549731337785917651e-01 2.717350137014384381e+04 2.747634776031345245e+04
6.259063112788964406e-03 3.028543296058663827e+02 7.549731291812510348e-01 2.747032207252080843e+04 2.777316802685773655e+04
6.387915026337815695e-03 3.028543146114097908e+02 7.549731243926761648e-01 2.776592874419201326e+04 2.806877424118635827e+04
6.519419543850879517e-03 3.028542989932346359e+02 7.549731194049120742e-01 2.805889496974653957e+04 2.836173998734092311e+04
6.653631273037080053e-03 3.028542827253962741e+02 7.549731142096746117e-01 2.834968115769369615e+04 2.865252567266491678e+04
6.790605945784434182e-03 3.028542657808712875e+02 7.549731087983311273e-01 2.863833023501852222e+04 2.894117422305657237e+04
6.930400441302901095e-03 3.028542481315111559e+02 7.549731031618948096e-01 2.892382271683499857e+04 2.922666615289037873e+04
7.073072809743649429e-03 3.028542297479983176e+02 7.549730972910012605e-01 2.920633786233231876e+04 2.950918072016256701e+04
7.218682296304605554e-03 3.028542105997938165e+02 7.549730911758978369e-01 2.948581083347875392e+04 2.978865308568789260e+04
7.367289365832237723e-03 3.028541906550893827e+02 7.549730848064266642e-01 2.976196861740093300e+04 3.006481023548105804e+04
7.518955727929782333e-03 3.028541698807537728e+02 7.549730781720066508e-01 3.003409648746236053e+04 3.033693744195460386e+04
7.673744362582349265e-03 3.028541482422764375e+02 7.549730712616169459e-01 3.030192311109637376e+04 3.060476337138649978e+04
7.831719546309632088e-03 3.028541257037130663e+02 7.549730640637781764e-01 3.056567087136398914e+04 3.086851040541498878e+04
7.992946878856896017e-03 3.028541022276231161e+02 7.549730565665335735e-01 3.082417681161949440e+04 3.112701558658961585e+04
8.157493310435554035e-03 3.028540777750084771e+02 7.549730487574281002e-01 3.107838278265212648e+04 3.138122076384463071e+04
8.325427169524453330e-03 3.028540523052493540e+02 7.549730406234899105e-01 3.132652944321824907e+04 3.162936659540518667e+04
8.496818191243496465e-03 3.028540257760363943e+02 7.549730321512072573e-01 3.156927634886009764e+04 3.187211263502170550e+04
8.671737546311409847e-03 3.028539981433002595e+02 7.549730233265060653e-01 3.180593566433315209e+04 3.210877104633317504e+04
8.850257870599649926e-03 3.028539693611380130e+02 7.549730141347271717e-01 3.203718456454838815e+04 3.234001900231184845e+04
9.032453295294675180e-03 3.028539393817380301e+02 7.549730045606005691e-01 3.226134941444945071e+04 3.256418286733185232e+04
9.218399477681195331e-03 3.028539081552996777e+02 7.549729945882227566e-01 3.247883284032349184e+04 3.278166526585378597e+04
9.408173632559104632e-03 3.028538756299502097e+02 7.549729842010275416e-01 3.268851057158763069e+04 3.299134192642404378e+04
9.601854564307198137e-03 3.028538417516604682e+02 7.549729733817599486e-01 3.289153200886218838e+04 3.319436224723378837e+04
9.799522699606997081e-03 3.028538064641529672e+02 7.549729621124466883e-01 3.308594708998825809e+04 3.338877616582522751e+04
1.000126012084018821e-02 3.028537697088091818e+02 7.549729503743685122e-01 3.327164128309428634e+04 3.357446914878288226e+04
1.020715060017358088e-02 3.028537314245731409e+02 7.549729381480253521e-01 3.344965512599590875e+04 3.375248173141138250e+04
1.041727963434586728e-02 3.028536915478483138e+02 7.549729254131078982e-01 3.361761039155546314e+04 3.392043568676503492e+04
1.063173448017036386e-02 3.028536500123935298e+02 7.549729121484614058e-01 3.377570033814814087e+04 3.407852427142911620e+04
1.085060419076877732e-02 3.028536067492115080e+02 7.549728983320495024e-01 3.392526874636526918e+04 3.422809126308855775e+04
1.107397965255074897e-02 3.028535616864360236e+02 7.549728839409224346e-01 3.406389358188759797e+04 3.436671462787293422e+04
1.130195362295483875e-02 3.028535147492102624e+02 7.549728689511725488e-01 3.419173221739657311e+04 3.449455173668532370e+04
1.153462076896628018e-02 3.028534658595652900e+02 7.549728533379003181e-01 3.430865104762223200e+04 3.461146898272990802e+04
1.177207770642786297e-02 3.028534149362872654e+02 7.549728370751690454e-01 3.441407037244043750e+04 3.471688666483762790e+04
1.201442304015995673e-02 3.028533618947856212e+02 7.549728201359632296e-01 3.450782970296098210e+04 3.481064429268654203e+04
1.226175740490647453e-02 3.028533066469505002e+02 7.549728024921440461e-01 3.458886703478932031e+04 3.489167986152406957e+04
1.251418350712388272e-02 3.028532491010069521e+02 7.549727841144020513e-01 3.465759277573823056e+04 3.496040377721011464e+04
1.277180616763031948e-02 3.028531891613636162e+02 7.549727649722094425e-01 3.471398236162307876e+04 3.501679147408559220e+04
1.303473236513289987e-02 3.028531267284517412e+02 7.549727450337661017e-01 3.475730791243212298e+04 3.506011507160784822e+04
1.330307128065090320e-02 3.028530616985617598e+02 7.549727242659525217e-01 3.478763801028428861e+04 3.509044315044140239e+04
1.357693434285364882e-02 3.028529939636700306e+02 7.549727026342688552e-01 3.480391294865565578e+04 3.510671600423885684e+04
1.385643527433161500e-02 3.028529234112595532e+02 7.549726801027820677e-01 3.480461151030328620e+04 3.510741241690958850e+04
1.414169013882009100e-02 3.028528499241338068e+02 7.549726566340619893e-01 3.478973584072616359e+04 3.509253453316663945e+04
1.443281738939514343e-02 3.028527733802208104e+02 7.549726321891248038e-01 3.475806576112147741e+04 3.506086217548953573e+04
1.472993791766155983e-02 3.028526936523714426e+02 7.549726067273628827e-01 3.470877692016535730e+04 3.501157099359406857e+04
1.503317510395362454e-02 3.028526106081471312e+02 7.549725802064796154e-01 3.464379972609066317e+04 3.494659139226670231e+04
1.534265486856910624e-02 3.028525241096019727e+02 7.549725525824194650e-01 3.456562077008464985e+04 3.486840995782019309e+04
1.565850572405821581e-02 3.028524340130507539e+02 7.549725238092942492e-01 3.447631083048301662e+04 3.477909746388728672e+04
1.598085882858884393e-02 3.028523401688331091e+02 7.549724938393080897e-01 3.437723307277080312e+04 3.468001707210176392e+04
1.630984804041038516e-02 3.028522424210621580e+02 7.549724626226751445e-01 3.426890634952390246e+04 3.457168763255860540e+04
1.664560997343897397e-02 3.028521406073682556e+02 7.549724301075386723e-01 3.414921443739121605e+04 3.445199292498495925e+04
1.698828405398675190e-02 3.028520345586276221e+02 7.549723962398874333e-01 3.401468452265621454e+04 3.431746014260156517e+04
1.733801257865924886e-02 3.028519240986822183e+02 7.549723609634605426e-01 3.386113968112737348e+04 3.416391237120710866e+04
1.769494077344443278e-02 3.028518090440465471e+02 7.549723242196594297e-01 3.368573716789868195e+04 3.398850687446113443e+04
1.805921685401842836e-02 3.028516892036033141e+02 7.549722859474460313e-01 3.348757338732683274e+04 3.379034006183643942e+04
1.843099208729244778e-02 3.028515643782862981e+02 7.549722460832446469e-01 3.326561135688818467e+04 3.356837495707985363e+04
1.881042085422705151e-02 3.028514343607487262e+02 7.549722045608341370e-01 3.302091259777700179e+04 3.332367308280985162e+04
1.919766071393929838e-02 3.028512989350204521e+02 7.549721613112395646e-01 3.275488076514442218e+04 3.305763809467759711e+04
1.959287246912967684e-02 3.028511578761476812e+02 7.549721162626169546e-01 3.246821650068681629e+04 3.277097063686579349e+04
1.999622023285611838e-02 3.028510109498204770e+02 7.549720693401336113e-01 3.216092959499178687e+04 3.246368050480699821e+04
2.040787149668235947e-02 3.028508579119828141e+02 7.549720204658448841e-01 3.183586416104367527e+04 3.213861180771444924e+04
2.082799720022954562e-02 3.028506985084284793e+02 7.549719695585620505e-01 3.149471414218613427e+04 3.179745848813180783e+04
2.125677180215936393e-02 3.028505324743774736e+02 7.549719165337218652e-01 3.113962385046646523e+04 3.144236485534343956e+04
2.169437335261875655e-02 3.028503595340370680e+02 7.549718613032410097e-01 3.077240283652239305e+04 3.107514045775198247e+04
2.214098356717570174e-02 3.028501794001433041e+02 7.549718037753755384e-01 3.039301396228579324e+04 3.069574816151865161e+04
2.259678790227738834e-02 3.028499917734854989e+02 7.549717438545622272e-01 3.000240694408488707e+04 3.030513768379245084e+04
2.306197563226158528e-02 3.028497963424066484e+02 7.549716814412643640e-01 2.960045454978236012e+04 2.990318179761656938e+04
2.353673992795340258e-02 3.028495927822886529e+02 7.549716164318054368e-01 2.918969404174166630e+04 2.949241775966174828e+04
2.402127793688030657e-02 3.028493807550110546e+02 7.549715487181954954e-01 2.876736923685229340e+04 2.907008940365456147e+04
2.451579086513813732e-02 3.028491599083913002e+02 7.549714781879530712e-01 2.833606980887916507e+04 2.863878639774852854e+04
2.502048406094281932e-02 3.028489298755986852e+02 7.549714047239186598e-01 2.789435230357605542e+04 2.819706530039181234e+04
2.553556709990173826e-02 3.028486902745456746e+02 7.549713282040585449e-01 2.744158301720703093e+04 2.774429241819294111e+04
2.606125387204091814e-02 3.028484407072537010e+02 7.549712485012639585e-01 2.697925659260399334e+04 2.728196239431628419e+04
2.659776267062351207e-02 3.028481807591922461e+02 7.549711654831385843e-01 2.650724399652299689e+04 2.680994620426559413e+04
2.714531628279677825e-02 3.028479099985896141e+02 7.549710790117786230e-01 2.602623901197865052e+04 2.632893763596373174e+04
2.770414208210538951e-02 3.028476279757175575e+02 7.549709889435453070e-01 2.553694835235366554e+04 2.583964340778484257e+04
2.827447212290887940e-02 3.028473342221439566e+02 7.549708951288252035e-01 2.504281652727674373e+04 2.534550801744699856e+04
2.885654323674324145e-02 3.028470282499538939e+02 7.549707974117810805e-01 2.454493228883159463e+04 2.484762021767834085e+04
2.945059713066583082e-02 3.028467095509413411e+02 7.549706956300945571e-01 2.404342333544213761e+04 2.434610771354879034e+04
3.005688048762525724e-02 3.028463775957646931e+02 7.549705896146945427e-01 2.354139104492267506e+04 2.384407186912283578e+04
3.067564506889725040e-02 3.028460318330674568e+02 7.549704791894793487e-01 2.304032778610445894e+04 2.334300504833357627e+04
3.130714781862931756e-02 3.028456716885639821e+02 7.549703641710210356e-01 2.254290192045275398e+04 2.284557559747053165e+04
3.195165097053791897e-02 3.028452965640843786e+02 7.549702443682633213e-01 2.205076526387176273e+04 2.235343532238618718e+04
3.260942215680166095e-02 3.028449058365836777e+02 7.549701195822017263e-01 2.156453630273641465e+04 2.186720270602102391e+04
3.328073451919676823e-02 3.028444988571059753e+02 7.549699896055570569e-01 2.108657598664572288e+04 2.138923867878962119e+04
3.396586682251987593e-02 3.028440749497071920e+02 7.549698542224257958e-01 2.061696582809241590e+04 2.091962475116016140e+04
3.466510357034637696e-02 3.028436334103338936e+02 7.549697132079262740e-01 2.015690621209778328e+04 2.045956129540752590e+04
3.537873512317121077e-02 3.028431735056539651e+02 7.549695663278226387e-01 1.970823830260041359e+04 2.001088945445652644e+04
3.610705781898235905e-02 3.028426944718397635e+02 7.549694133381358307e-01 1.927123588184019536e+04 1.957388300216699645e+04
3.685037409631608529e-02 3.028421955133001120e+02 7.549692539847404626e-01 1.884583886894720490e+04 1.914848185185646435e+04
3.760899261984549519e-02 3.028416758013593721e+02 7.549690880029408246e-01 1.843372730042731200e+04 1.873636601459655503e+04
3.838322840855487583e-02 3.028411344728833683e+02 7.549689151170311252e-01 1.803537768581558703e+04 1.833801198460664818e+04
3.917340296655212606e-02 3.028405706288456258e+02 7.549687350398391894e-01 1.765112248068418194e+04 1.795375220210939369e+04
3.997984441657476823e-02 3.028399833328362547e+02 7.549685474722483969e-01 1.728235198012009641e+04 1.758497693205367977e+04
4.080288763624372039e-02 3.028393716095073387e+02 7.549683521027017452e-01 1.692970931449494310e+04 1.723232928039878607e+04
4.164287439712275468e-02 3.028387344429544896e+02 7.549681486066838199e-01 1.659411846465279450e+04 1.689673319706004986e+04
4.250015350663996494e-02 3.028380707750321790e+02 7.549679366461823360e-01 1.627757419020976522e+04 1.658018339207172903e+04
4.337508095293157728e-02 3.028373795035967078e+02 7.549677158691260326e-01 1.598066359464442939e+04 1.628326693351779249e+04
4.426802005266713969e-02 3.028366594806779517e+02 7.549674859088013612e-01 1.570151033509083391e+04 1.600410747710699252e+04
4.517934160191789533e-02 3.028359095105745382e+02 7.549672463832424185e-01 1.543952361990956524e+04 1.574211421168890774e+04
4.610942403013144897e-02 3.028351283478713185e+02 7.549669968945978971e-01 1.519322579418808164e+04 1.549580947678430493e+04
4.705865355727556487e-02 3.028343146953719156e+02 7.549667370284685042e-01 1.496020676931023263e+04 1.526278319599477982e+04
4.802742435421770290e-02 3.028334672019473146e+02 7.549664663532219544e-01 1.473879203786340258e+04 1.504136086556249211e+04
4.901613870640549736e-02 3.028325844602952088e+02 7.549661844192723237e-01 1.452957580051853438e+04 1.483213665039257830e+04
5.002520718091749141e-02 3.028316650046054974e+02 7.549658907583375322e-01 1.432972844914774578e+04 1.463228096962082236e+04
5.105504879695244025e-02 3.028307073081287513e+02 7.549655848826590798e-01 1.413905312260216306e+04 1.444159694305705671e+04
5.210609119982828608e-02 3.028297097806447482e+02 7.549652662841941364e-01 1.395609629964340274e+04 1.425863105602120413e+04
5.317877083856378806e-02 3.028286707658255068e+02 7.549649344337691081e-01 1.377877166029182990e+04 1.408129701244246826e+04
5.427353314711503424e-02 3.028275885384887829e+02 7.549645887802061139e-01 1.360410281247062085e+04 1.390661847071902048e+04
5.539083272934389179e-02 3.028264613017369129e+02 7.549642287494024995e-01 1.343068039637412585e+04 1.373318609434547398e+04
5.653113354779338434e-02 3.028252871839783325e+02 7.549638537433821517e-01 1.325666799940100827e+04 1.355916350977873844e+04
5.769490911635018204e-02 3.028240642358256878e+02 7.549634631392987405e-01 1.307799650263962212e+04 1.338048170247619237e+04
5.888264269687268349e-02 3.028227904268624116e+02 7.549630562884058760e-01 1.289410160262503814e+04 1.319657639662362271e+04
6.009482749986704009e-02 3.028214636422789567e+02 7.549626325149777495e-01 1.270030054368211131e+04 1.300276498396093120e+04
6.133196688929493795e-02 3.028200816793681724e+02 7.549621911151878084e-01 1.249435750121145429e+04 1.279681173927920099e+04
6.259457459159674386e-02 3.028186422438723184e+02 7.549617313559410237e-01 1.227123012880637907e+04 1.257367451526330660e+04
6.388317490901870843e-02 3.028171429461856974e+02 7.549612524736560859e-01 1.203224023429296722e+04 1.233467514636792657e+04
6.519830293733078208e-02 3.028155812973912475e+02 7.549607536729997515e-01 1.178074475487369818e+04 1.208317052810665336e+04
6.654050478802754631e-02 3.028139547051400200e+02 7.549602341255656768e-01 1.151773453987845642e+04 1.182015153717791327e+04
6.791033781510233402e-02 3.028122604693560334e+02 7.549596929684989632e-01 1.124515832276508991e+04 1.154756689959257892e+04
6.930837084649092705e-02 3.028104957777638901e+02 7.549591293030658568e-01 1.095468375666685824e+04 1.125708463908257363e+04
7.073518442027910968e-02 3.028086577012326188e+02 7.549585421931612750e-01 1.064243675390999852e+04 1.094483092166431015e+04
7.219137102577295739e-02 3.028067431889243721e+02 7.549579306637549392e-01 1.031120464582040950e+04 1.061359309567811215e+04
7.367753534953251637e-02 3.028047490632435483e+02 7.549572936992747785e-01 9.967243338615558969e+03 1.026962692957434047e+04
7.519429452646948786e-02 3.028026720145770128e+02 7.549566302419207231e-01 9.616929726030537495e+03 9.919309140152938198e+03
7.674227839611523494e-02 3.028005085958157565e+02 7.549559391899104410e-01 9.264170797042195773e+03 9.566546614059467174e+03
7.832212976416319528e-02 3.027982552166504888e+02 7.549552193956505786e-01 8.911310887947334777e+03 9.213683635765833969e+03
7.993450466939681920e-02 3.027959081376304198e+02 7.549544696638322838e-01 8.561340533836069881e+03 8.863710641965788454e+03
8.158007265611136316e-02 3.027934634639776164e+02 7.549536887494519011e-01 8.218440830837886097e+03 8.520808547253340294e+03
8.325951705214498788e-02 3.027909171391439713e+02 7.549528753557400718e-01 7.886416741436021766e+03 8.188782118760390404e+03
8.497353525263287577e-02 3.027882649381027704e+02 7.549520281320152293e-01 7.569451343510189872e+03 7.871814183371599938e+03
8.672283900960263414e-02 3.027855024603626362e+02 7.549511456714411706e-01 7.271196389577365153e+03 7.573556232170112708e+03
8.850815472753244262e-02 3.027826251226928207e+02 7.549502265086943664e-01 6.994809162484526496e+03 7.297165276068008097e+03
9.033022376499237616e-02 3.027796281515471151e+02 7.549492691175340164e-01 6.742942576220214505e+03 7.045293949417478871e+03
9.218980274249680140e-02 3.027765065751771658e+02 7.549482719082707405e-01 6.517792644028038012e+03 6.820137977733500520e+03
9.408766385669298238e-02 3.027732552154166115e+02 7.549472332251301321e-01 6.320160573574163209e+03 6.622498340099494271e+03
9.602459520101903900e-02 3.027698686791291038e+02 7.549461513435087312e-01 6.149177760916673833e+03 6.451506299418528215e+03
9.800140109296227864e-02 3.027663413493029338e+02 7.549450244671133126e-01 6.003275325471719952e+03 6.305592887775088457e+03
1.000189024080544581e-01 3.027626673757757203e+02 7.549438507249833785e-01 5.879608280737910718e+03 6.181913132757849780e+03
1.020779369207439613e-01 3.027588406655802373e+02 7.549426281683907503e-01 5.774518989975642398e+03 6.076809497008222934e+03
1.041793596522837401e-01 3.027548548728888136e+02 7.549413547676079306e-01 5.683425613908650121e+03 5.985700351654311817e+03
1.063240432257826495e-01 3.027507033885474357e+02 7.549400284085444612e-01 5.601259090596046917e+03 5.903516937952564149e+03
1.085128782285644383e-01 3.027463793291744309e+02 7.549386468892447244e-01 5.523034281640798326e+03 5.825274475754488776e+03
1.107467735819879923e-01 3.027418755258119063e+02 7.549372079162380844e-01 5.443390126741604945e+03 5.745612367280073158e+03
1.130266569188797254e-01 3.027371845121125489e+02 7.549357091007389275e-01 5.357294778721943658e+03 5.659499276878897035e+03
1.153534749687360333e-01 3.027322985120359249e+02 7.549341479546887168e-01 5.260001581813115990e+03 5.562189115692915038e+03
1.177281939508568048e-01 3.027272094270431353e+02 7.549325218866362874e-01 5.148236147351591171e+03 5.450407991939856402e+03
1.201517999755704474e-01 3.027219088227614634e+02 7.549308281974448365e-01 5.019455526367037237e+03 5.321613442715552083e+03
1.226252994537205127e-01 3.027163879151044625e+02 7.549290640758197224e-01 4.872605960333048642e+03 5.174752085963511490e+03
1.251497195145804264e-01 3.027106375558196873e+02 7.549272265936558535e-01 4.708194794138498764e+03 5.010331494571389157e+03
1.277261084323734475e-01 3.027046482174441735e+02 7.549253127011898989e-01 4.529104002458870127e+03 4.831233583479986919e+03
1.303555360615711312e-01 3.026984099776444168e+02 7.549233192219496624e-01 4.339408044743180653e+03 4.641532558896287810e+03
1.330390942811551236e-01 3.026919125029116913e+02 7.549212428474973979e-01 4.143715122812344816e+03 4.445836229222099973e+03
1.357778974480232381e-01 3.026851450315914462e+02 7.549190801319538568e-01 3.948465530416074216e+03 4.250584145266854648e+03
1.385730828597296627e-01 3.026780963562185320e+02 7.549168274862982919e-01 3.759630599000513484e+03 4.061746825524606720e+03
1.414258112267526846e-01 3.026707548051255685e+02 7.549144811724284310e-01 3.583465774397684982e+03 3.885578715110578287e+03
1.443372671544826957e-01 3.026631082233068923e+02 7.549120372969772008e-01 3.424796966289322427e+03 3.726904788710588036e+03
1.473086596351347588e-01 3.026551439524930629e+02 7.549094918048760983e-01 3.287106386104619560e+03 3.589206404979331637e+03
1.503412225497857135e-01 3.026468488104177368e+02 7.549068404726474446e-01 3.171408520268637858e+03 3.473497510076644176e+03
1.534362151807487917e-01 3.026382090692358702e+02 7.549040789014220820e-01 3.076610929503494390e+03 3.378685449233587860e+03
1.565949227344937134e-01 3.026292104330631219e+02 7.549012025096708545e-01 2.999826384369743209e+03 3.301883117653538648e+03
1.598186568753343639e-01 3.026198380146016689e+02 7.548982065256304441e-01 2.937177834270504718e+03 3.239213841662760387e+03
1.631087562701013238e-01 3.026100763108136675e+02 7.548950859794218982e-01 2.883408349410426126e+03 3.185421449319949261e+03
1.664665871440275668e-01 3.025999091776081968e+02 7.548918356948388642e-01 2.832774925393769990e+03 3.134763952685009826e+03
1.698935438480793925e-01 3.025893198034977445e+02 7.548884502808014263e-01 2.779448381785976380e+03 3.081413395269995362e+03
1.733910494379641287e-01 3.025782906821889924e+02 7.548849241224553364e-01 2.717165287127178999e+03 3.019107882686176254e+03
1.769605562650603536e-01 3.025668035840612333e+02 7.548812513719013184e-01 2.642591928634192300e+03 2.944514775935785110e+03
1.806035465795104711e-01 3.025548395264919463e+02 7.548774259385488961e-01 2.554590609946574205e+03 2.856497052775259363e+03
1.843215331457315198e-01 3.025423787429816116e+02 7.548734414790662095e-01 2.455218932178850537e+03 2.757112224322160273e+03
1.881160598705952924e-01 3.025294006510327449e+02 7.548692913869183840e-01 2.347616793461848829e+03 2.649499748064389678e+03
1.919887024445404711e-01 3.025158838187346646e+02 7.548649687814776854e-01 2.237162477093599591e+03 2.539036715677069878e+03
1.959410689958849816e-01 3.025018059300012965e+02 7.548604664966782618e-01 2.129487605480936054e+03 2.431353253939267688e+03
1.999748007586051868e-01 3.024871437484118246e+02 7.548557770692139179e-01 2.029877914413101507e+03 2.331733444973992391e+03
2.040915727538657465e-01 3.024718730796002433e+02 7.548508927262413959e-01 1.942370004170715674e+03 2.244212364309935310e+03
2.082930944855762023e-01 3.024559687321362844e+02 7.548458053725828343e-01 1.868579979089860444e+03 2.170405171359734595e+03
2.125811106502700776e-01 3.024394044768410481e+02 7.548405065774036471e-01 1.808360986638231680e+03 2.110164563112106862e+03
2.169574018615954003e-01 3.024221530044764563e+02 7.548349875603386216e-01 1.758651185513967221e+03 2.060429281085720959e+03
2.214237853897201014e-01 3.024041858817483899e+02 7.548292391770544674e-01 1.715573200418842134e+03 2.017322985048016335e+03
2.259821159159614568e-01 3.023854735055559217e+02 7.548232519042146205e-01 1.674428587598162267e+03 1.976148801611894896e+03
2.306342863029469392e-01 3.023659850554245736e+02 7.548170158238322047e-01 1.630119082529605066e+03 1.931810488386261568e+03
2.353822283806340232e-01 3.023456884440516319e+02 7.548105206069778417e-01 1.579471845509045579e+03 1.881136742283609237e+03
2.402279137485073823e-01 3.023245502658949704e+02 7.548037554968249907e-01 1.521896948517815645e+03 1.823538254718126836e+03
2.451733545942943737e-01 3.023025357437305161e+02 7.547967092909970699e-01 1.459069298463405630e+03 1.760689567234496508e+03
2.502206045295309877e-01 3.022796086731053151e+02 7.547893703231988161e-01 1.394113465860971701e+03 1.695714083768235923e+03
2.553717594423329240e-01 3.022557313646059356e+02 7.547817264440869200e-01 1.330700748735651359e+03 1.632281434745508250e+03
2.606289583677198762e-01 3.022308645838644452e+02 7.547737650013741639e-01 1.272338640719131718e+03 1.573897238691063649e+03
2.659943843758562076e-01 3.022049674892162443e+02 7.547654728191079965e-01 1.221370040898731759e+03 1.522902849712237639e+03
2.714702654785804414e-01 3.021779975669288092e+02 7.547568361761131106e-01 1.177902175911601262e+03 1.479404994499697978e+03
2.770588755545928539e-01 3.021499105639097706e+02 7.547478407835535030e-01 1.140275302324101631e+03 1.441744437340773175e+03
2.827625352936934400e-01 3.021206604178061070e+02 7.547384717615822636e-01 1.105585947299936379e+03 1.407019110957893190e+03
2.885836131604546106e-01 3.020901991844027066e+02 7.547287136150406806e-01 1.071013194120446315e+03 1.372409718004991873e+03
2.945245263777362399e-01 3.020584769622226418e+02 7.547185502081724673e-01 1.034368511492651351e+03 1.335729207221002980e+03
3.005877419304438525e-01 3.020254418142331474e+02 7.547079647383116985e-01 9.948089872806266385e+02 1.296135447771355530e+03
3.067757775899545014e-01 3.019910396865570306e+02 7.546969397085047104e-01 9.533889563745217401e+02 1.254682282555887014e+03
3.130912029596295554e-01 3.019552143240866258e+02 7.546854568990218892e-01 9.123761205052906007e+02 1.213635892219930611e+03
3.195366405418500477e-01 3.019179071828931455e+02 7.546734973377208222e-01 8.737906016294397205e+02 1.175014804602556524e+03
3.261147668270225619e-01 3.018790573393269483e+02 7.546610412692106307e-01 8.388571863436005742e+02 1.140042604316608504e+03
3.328283134049984660e-01 3.018386013956977649e+02 7.546480681227742959e-01 8.076984674982924162e+02 1.108841447647717359e+03
3.396800680993785626e-01 3.017964733824184691e+02 7.546345564789962435e-01 7.792540885591721462e+02 1.080351557971972397e+03
3.466728761251641200e-01 3.017526046565054116e+02 7.546204840350515530e-01 7.518661542001231055e+02 1.052916306100490829e+03
3.538096412702446125e-01 3.017069237963114006e+02 7.546058275685975092e-01 7.241872364188084248e+02 1.025189463079929737e+03
3.610933271012046752e-01 3.016593564923766166e+02 7.545905629002200854e-01 6.957469688536150443e+02 9.967011826739098979e+02
3.685269581939545347e-01 3.016098254342763312e+02 7.545746648543755208e-01 6.670940968855484243e+02 9.679997389829759413e+02
3.761136213896978941e-01 3.015582501933411095e+02 7.545581072187712568e-01 6.392977625578520247e+02 9.401531448708644803e+02
3.838564670767509179e-01 3.015045471011304699e+02 7.545408627021236159e-01 6.132720218218071295e+02 9.140743146675541766e+02
3.917587104987547697e-01 3.014486291235278372e+02 7.545229028902384893e-01 5.892598612911016289e+02 8.900057133147488457e+02
3.998236330898136681e-01 3.013904057303391824e+02 7.545041982003416470e-01 5.668627326946439098e+02 8.675490018331163355e+02
4.080545838371245626e-01 3.013297827602613097e+02 7.544847178335961635e-01 5.453121686466330402e+02 8.459364609210700792e+02
4.164549806716545954e-01 3.012666622810979220e+02 7.544644297257435683e-01 5.239657846251229785e+02 8.245264309609333395e+02
4.250283118874477184e-01 3.012009424450922097e+02 7.544433004957944444e-01 5.027461795483258129e+02 8.032415772531310267e+02
4.337781375901534342e-01 3.011325173392546617e+02 7.544212953926926479e-01 4.820292079729554189e+02 7.824571752418335109e+02
4.427080911753702996e-01 3.010612768305525719e+02 7.543983782398850924e-01 4.622946647817162216e+02 7.626521913214992310e+02
4.518218808374289130e-01 3.009871064058449974e+02 7.543745113777183819e-01 4.437024792577565222e+02 7.439861066187692131e+02
4.611232911092296161e-01 3.009098870064337348e+02 7.543496556035782508e-01 4.261066799283822775e+02 7.263129511134751510e+02
4.706161844337859446e-01 3.008294948571153213e+02 7.543237701096920933e-01 4.091577295518201254e+02 7.092835621971039473e+02
4.803045027681144274e-01 3.007458012896133255e+02 7.542968124185200907e-01 3.925717009579082060e+02 6.926143540401726568e+02
4.901922692201489129e-01 3.006586725602796832e+02 7.542687383156271297e-01 3.764362825160215493e+02 6.763927371687084360e+02
5.002835897193488313e-01 3.005679696619591823e+02 7.542395017799675694e-01 3.609008100662113634e+02 6.607676169237081467e+02
5.105826547216990585e-01 3.004735481299089770e+02 7.542090549114792708e-01 3.461008095223204464e+02 6.458740607864473304e+02
5.210937409498154205e-01 3.003752578416841743e+02 7.541773478558967403e-01 3.320045115775186559e+02 6.316801368947571973e+02
5.318212131688635491e-01 3.002729428108971774e+02 7.541443287266864637e-01 3.184412904410987721e+02 6.180153580774820057e+02
5.427695259990482635e-01 3.001664409747727404e+02 7.541099435240019577e-01 3.053475168617296731e+02 6.048160363506965496e+02
5.539432257654047786e-01 3.000555839754322847e+02 7.540741360505636148e-01 2.926826042161646342e+02 5.920414836635241045e+02
5.653469523856807788e-01 2.999401969348481316e+02 7.540368478243586470e-01 2.805030030809067512e+02 5.797478134521834363e+02
5.769854412970742974e-01 2.998200982234242815e+02 7.539980179880434452e-01 2.688483011992356069e+02 5.679742858428173804e+02
5.888635254226438631e-01 2.996950992221794081e+02 7.539575832149605361e-01 2.576894934650597975e+02 5.566917227441723526e+02
6.009861371781952677e-01 2.995650040785112651e+02 7.539154776116399059e-01 2.469886422411279341e+02 5.458620368237923230e+02
6.133583105204828412e-01 2.994296094555602394e+02 7.538716326166849946e-01 2.367019433011884928e+02 5.354412941726266126e+02
6.259851830375812165e-01 2.992887042751908666e+02 7.538259768959248985e-01 2.268235567962154846e+02 5.254234166754608850e+02
6.388719980822819000e-01 2.991420694546450250e+02 7.537784362337114352e-01 2.173284174890887641e+02 5.157831506160316621e+02
6.520241069494192576e-01 2.989894776369445140e+02 7.537289334202532665e-01 2.082075761528959390e+02 5.065113037961831424e+02
6.654469710980087660e-01 2.988306929151456757e+02 7.536773881348590720e-01 1.994439127647686121e+02 4.975905316034463794e+02
6.791461644191413294e-01 2.986654705505794141e+02 7.536237168249716456e-01 1.910362213819356896e+02 4.890193413796841924e+02
6.931273755505593659e-01 2.984935566852503825e+02 7.535678325808726763e-01 1.829554143030257762e+02 4.807684479274730620e+02
7.073964102388814457e-01 2.983146880485961674e+02 7.535096450059346473e-01 1.752060661027289257e+02 4.728420998781556364e+02
7.219591937504632462e-01 2.981285916588587384e+02 7.534490600822942863e-01 1.677710542869641870e+02 4.652229176908339241e+02
7.368217733318795926e-01 2.979349845193560782e+02 7.533859800318276623e-01 1.606295110787668534e+02 4.578897870208792256e+02
7.519903207210703044e-01 2.977335733099953927e+02 7.533203031723062493e-01 1.537824823890550192e+02 4.508434090287859135e+02
7.674711347101704773e-01 2.975240540744184159e+02 7.532519237686029490e-01 1.472164077860852558e+02 4.440699275270376347e+02
7.832706437611105521e-01 2.973061119032311694e+02 7.531807318788349415e-01 1.409244107782020592e+02 4.375621311230453898e+02
7.993954086750552079e-01 2.970794206138239701e+02 7.531066131953249032e-01 1.348870122138119427e+02 4.313002555054630420e+02
8.158521253167970722e-01 2.968436424273643865e+02 7.530294488802544706e-01 1.290977976174778235e+02 4.252775313187404436e+02
8.326476273952431173e-01 2.965984276436083178e+02 7.529491153959062544e-01 1.235460823236653596e+02 4.194829290069894796e+02
8.497888893011295020e-01 2.963434143142559947e+02 7.528654843293770549e-01 1.182282467616125814e+02 4.139124353181673541e+02
8.672830290031684486e-01 2.960782279156643995e+02 7.527784222116581381e-01 1.131352356960649672e+02 4.085566170998353073e+02
8.851373110038027736e-01 2.958024810218120706e+02 7.526877903309828755e-01 1.082532478568642489e+02 4.034013127456061056e+02
9.033591493558226215e-01 2.955157729785113361e+02 7.525934445403484885e-01 1.035711061849593619e+02 3.984349619674226801e+02
9.219561107410696454e-01 2.952176895799646559e+02 7.524952350591164185e-01 9.909273482777959430e+01 3.936609981421589168e+02
9.409359176125343671e-01 2.949078027488653220e+02 7.523930062686217113e-01 9.480326772552223247e+01 3.890641681075251199e+02
9.603064514011291353e-01 2.945856702213710037e+02 7.522865965017218048e-01 9.069034407915330576e+01 3.846317014572249491e+02
9.800757557884763882e-01 2.942508352383829333e+02 7.521758378262141109e-01 8.675150744143846282e+01 3.803606520569426266e+02
1.000252040047082902e+00 2.939028262447135376e+02 7.520605558220931908e-01 8.298029939116180742e+01 3.762440843719222130e+02
1.020843682449260159e+00 2.935411565978488397e+02 7.519405693526015622e-01 7.936875017102063623e+01 3.722735499629209244e+02
1.041859233746238678e+00 2.931653242881653796e+02 7.518156903290644788e-01 7.590939190504929002e+01 3.684410863970971945e+02
1.063307420718895502e+00 2.927748116726086778e+02 7.516857234695083489e-01 7.259444907952851622e+01 3.647384141583477231e+02
1.085197149801571781e+00 2.923690852240103482e+02 7.515504660510781143e-01 6.942593147726245206e+01 3.611669390725736548e+02
1.107537510780514767e+00 2.919475952983791558e+02 7.514097076563028832e-01 6.639331361646479479e+01 3.577156241600047792e+02
1.130337780568433814e+00 2.915097759226833887e+02 7.512632299132702141e-01 6.348444834333221110e+01 3.543718194007423108e+02
1.153607427056773327e+00 2.910550446058259695e+02 7.511108062298008647e-01 6.070171461179970862e+01 3.511372488595242771e+02
1.177356113047289377e+00 2.905828021757012039e+02 7.509522015217422464e-01 5.804261740013744486e+01 3.480087876181233923e+02
1.201593700264553144e+00 2.900924326454185120e+02 7.507871719355441176e-01 5.549354540366578448e+01 3.449722980694158991e+02
1.226330253451080043e+00 2.895833031119863676e+02 7.506154645652841628e-01 5.305994046320608248e+01 3.420324770055948420e+02
1.251576044546739652e+00 2.890547636909504376e+02 7.504368171643860386e-01 5.072700848155534459e+01 3.391739943050042712e+02
1.277341556954219914e+00 2.885061474906977992e+02 7.502509578522861267e-01 4.849269242665983626e+01 3.363941027052788968e+02
1.303637489892285783e+00 2.879367706303542036e+02 7.500576048163619669e-01 4.635367986384197536e+01 3.336887968955388146e+02
1.330474762838682823e+00 2.873459323054144079e+02 7.498564660094848566e-01 4.431208003782551685e+01 3.310594037197181478e+02
1.357864520064477665e+00 2.867329149054711479e+02 7.496472388436054013e-01 4.235776603101346183e+01 3.284951579903485026e+02
1.385818135261759121e+00 2.860969841886195013e+02 7.494296098798428618e-01 4.048502457048496694e+01 3.259896429074697153e+02
1.414347216266604645e+00 2.854373895173330311e+02 7.492032545156147583e-01 3.869494501178083823e+01 3.235431315239093237e+02
1.443463609879264364e+00 2.847533641608134189e+02 7.489678366693985900e-01 3.698004318571705795e+01 3.211474343481226015e+02
1.473179406783603262e+00 2.840441256690177170e+02 7.487230084637956917e-01 3.534598932991759312e+01 3.188072962149316254e+02
1.503506946567787717e+00 2.833088763237647072e+02 7.484684099076549524e-01 3.377840173662028889e+01 3.165077175370828400e+02
1.534458822848346005e+00 2.825468036724911940e+02 7.482036685780666385e-01 3.227893037335596915e+01 3.142494619922459265e+02
1.566047888499714213e+00 2.817570811503966866e+02 7.479283993031613509e-01 3.084892952449840919e+01 3.120329785412004640e+02
1.598287260991424263e+00 2.809388687968541944e+02 7.476422038467142039e-01 2.947718576808517099e+01 3.098463674976102880e+02
1.631190327835198683e+00 2.800913140720815591e+02 7.473446705956703351e-01 2.817016108208656888e+01 3.076950645182459425e+02
1.664770752144147492e+00 2.792135527801543731e+02 7.470353742518036633e-01 2.691653102310037582e+01 3.055670527170284458e+02
1.699042478306431514e+00 2.783047101044969622e+02 7.467138755288451613e-01 2.572194619194084098e+01 3.034669412069501391e+02
1.734019737775702952e+00 2.773639017620002960e+02 7.463797208565259300e-01 2.457842749009552819e+01 3.013859831589611531e+02
1.769717054980788351e+00 2.763902352818868167e+02 7.460324420931099265e-01 2.348480485629658432e+01 2.993220942185441231e+02
1.806149253356992945e+00 2.753828114153644151e+02 7.456715562481209814e-01 2.243860399569675579e+01 2.972719094734346754e+02
1.843331461501588331e+00 2.743407256819701843e+02 7.452965652171156252e-01 2.143847934956995260e+01 2.952331623854664713e+02
1.881279119456018112e+00 2.732630700583123939e+02 7.449069555304842494e-01 2.048315921505730230e+01 2.932036542789394389e+02
1.920007985117414773e+00 2.721489348146447469e+02 7.445021981184342108e-01 1.956909325177444714e+01 2.911789681837008743e+02
1.959534140782142719e+00 2.709974105043655754e+02 7.440817480944400542e-01 1.869559390136929267e+01 2.891574775525603513e+02
1.999873999824014037e+00 2.698075901111096755e+02 7.436450445596349823e-01 1.785924913496349831e+01 2.871349122900668931e+02
2.041044313510006258e+00 2.685785713575813247e+02 7.431915104307749154e-01 1.706154985368455712e+01 2.851117682558093520e+02
2.083062177956268357e+00 2.673094591796630652e+02 7.427205522945711236e-01 1.629832418042151687e+01 2.830830551935887911e+02
2.125945041227366605e+00 2.659993683686295753e+02 7.422315602913781563e-01 1.556769160352838810e+01 2.810460222823493268e+02
2.169710710581637780e+00 2.646474263834617204e+02 7.417239080314012023e-01 1.486937407327880045e+01 2.789994824212281515e+02
2.214377359865720596e+00 2.632527763343256879e+02 7.411969525467626552e-01 1.420220570438501362e+01 2.769414045169382916e+02
2.259963537061310479e+00 2.618145801372291999e+02 7.406500342829481776e-01 1.356429728063537254e+01 2.748690810312771760e+02
2.306488171987259417e+00 2.603320218386842271e+02 7.400824771333542884e-01 1.295477019972763699e+01 2.727808030758046698e+02
2.353970584160272939e+00 2.588043111079067558e+02 7.394935885208115955e-01 1.237199420277058159e+01 2.706741660653920576e+02
2.402430490817390130e+00 2.572306868926599464e+02 7.388826595301557498e-01 1.181509355551796148e+01 2.685475221068759879e+02
2.451888015103639518e+00 2.556104212332847396e+02 7.382489650960712968e-01 1.128240016925510325e+01 2.663984990750207089e+02
2.502363694428249463e+00 2.539428232277902850e+02 7.375917642506130134e-01 1.077301086842057209e+01 2.642254978637581075e+02
2.553878488992859630e+00 2.522272431390798886e+02 7.369103004349315533e-01 1.028583012926406681e+01 2.620267784059407177e+02
2.606453790495347533e+00 2.504630766334668976e+02 7.362038018798973127e-01 9.820735369003193327e+00 2.598015739601481187e+02
2.660111431012784688e+00 2.486497691376310684e+02 7.354714820603993619e-01 9.376298801201880195e+00 2.575479246673999683e+02
2.714873692067295341e+00 2.467868202990457291e+02 7.347125402282207451e-01 8.951449031775934984e+00 2.552642681454711919e+02
2.770763313878510825e+00 2.448737885327201695e+02 7.339261620284464049e-01 8.545104071763681475e+00 2.529490942517894609e+02
2.827803504806561730e+00 2.429102956348502005e+02 7.331115202043969603e-01 8.156575697165296290e+00 2.506013315187011870e+02
2.886017950989405279e+00 2.408960314416794688e+02 7.322677753961023273e-01 7.785309571358336456e+00 2.482201035288882167e+02
2.945430826178583317e+00 2.388307585095585921e+02 7.313940770372746591e-01 7.430400532355195153e+00 2.458042773931430531e+02
3.006066801777463660e+00 2.367143167898961167e+02 7.304895643556876816e-01 7.091012432339485194e+00 2.433528656695127097e+02
3.067951057086100164e+00 2.345466282704330467e+02 7.295533674817121783e-01 6.766635729023438017e+00 2.408652711271095939e+02
3.131109289757063152e+00 2.323277015520808675e+02 7.285846086695940693e-01 6.456690046983877274e+00 2.383409175207264070e+02
3.195567726466452374e+00 2.300576363284995693e+02 7.275824036358007341e-01 6.160459938774730304e+00 2.357791954587703742e+02
3.261353133804631987e+00 2.277366277336499536e+02 7.265458630184590261e-01 5.877457825980575201e+00 2.331798048778640293e+02
3.328492829391120456e+00 2.253649705208244711e+02 7.254740939614979789e-01 5.606756444132405370e+00 2.305421400548677582e+02
3.397014693218368464e+00 2.229430630351426430e+02 7.243662018266548985e-01 5.348254714366542650e+00 2.278664652628089016e+02
3.466947179228996312e+00 2.204714109402710562e+02 7.232212920359374353e-01 5.101234860813209870e+00 2.251525830013961524e+02
3.538319327131399294e+00 2.179506306591932514e+02 7.220384720464796402e-01 4.864941273908925723e+00 2.224003760055353780e+02
3.611160774458595402e+00 2.153814524882918988e+02 7.208168534589843857e-01 4.639498984142260696e+00 2.196106486273886844e+02
3.685501768875283357e+00 2.127647233438354419e+02 7.195555542600848842e-01 4.423883635497316114e+00 2.167832720177274837e+02
3.761373180738336597e+00 2.101014091001981399e+02 7.182537011979949204e-01 4.217954585961019021e+00 2.139190451502036581e+02
3.838806515915796691e+00 2.073925964798731343e+02 7.169104322897510428e-01 4.021167707885640930e+00 2.110185218828526956e+02
3.917833928869808968e+00 2.046394944565114429e+02 7.155248994571525856e-01 3.833193768785275068e+00 2.080825747803724255e+02
3.998488236008844510e+00 2.018434351339228101e+02 7.140962712872142015e-01 3.653750349892535887e+00 2.051122421322928346e+02
4.080802929314875094e+00 1.990058740661669390e+02 7.126237359115142889e-01 3.482293724998117401e+00 2.021084530469317428e+02
4.164812190251002910e+00 1.961283899865875924e+02 7.111065039973255564e-01 3.318569611535551633e+00 1.990725208640139670e+02
4.250550903955440774e+00 1.932126839168435595e+02 7.095438118417576323e-01 3.162144989890939506e+00 1.960057235036757390e+02
4.338054673727698152e+00 1.902605776307113388e+02 7.079349245584304340e-01 3.012791219952084099e+00 1.929096424876263143e+02
4.427359835812936240e+00 1.872740114515980281e+02 7.062791393443820231e-01 2.870164132743044050e+00 1.897858768853955098e+02
4.518503474490774607e+00 1.842550413673061485e+02 7.045757888130206315e-01 2.733947628853548029e+00 1.866361680431961645e+02
4.611523437474634335e+00 1.812058354505975046e+02 7.028242443770048586e-01 2.603959421192275858e+00 1.834624872835213978e+02
4.706458351628148407e+00 1.781286695794420041e+02 7.010239196629471925e-01 2.479978200561015811e+00 1.802668798697955026e+02
4.803347639005063563e+00 1.750259224564773604e+02 6.991742739378423721e-01 2.361417235662587544e+00 1.770511810672682316e+02
4.902231533219444159e+00 1.719000699330854047e+02 6.972748155251756730e-01 2.248459299313746218e+00 1.738179871944455783e+02
5.003151096152783417e+00 1.687536786495489309e+02 6.953251051867226362e-01 2.140648903847216733e+00 1.705694373822385046e+02
5.106148235005097291e+00 1.655893990089214185e+02 6.933247594442225603e-01 2.037906988346339432e+00 1.673080775568557783e+02
5.211265719697050436e+00 1.624099575084666469e+02 6.912734538134082118e-01 1.939789612318456591e+00 1.640362223262883106e+02
5.318547200630271199e+00 1.592181484587456737e+02 6.891709259213183447e-01 1.846311999482612931e+00 1.607566426673811293e+02
5.428037226813396288e+00 1.560168251265629067e+02 6.870169784764964538e-01 1.756993360252737224e+00 1.574717545900523419e+02
5.539781264361159252e+00 1.528088903440258832e+02 6.848114820606221453e-01 1.671898124773038896e+00 1.541844795392271976e+02
5.653825715374362737e+00 1.495972866318083447e+02 6.825543777093434628e-01 1.590740937435129565e+00 1.508974886893996370e+02
5.770217937208526493e+00 1.463849858903741676e+02 6.802456792497105775e-01 1.513341449559566509e+00 1.476135714021903880e+02
5.889006262139145242e+00 1.431749787183349554e+02 6.778854753616052609e-01 1.439590752363843817e+00 1.443355947998225872e+02
6.010240017431905279e+00 1.399702634222889230e+02 6.754739313310379467e-01 1.369266304483648611e+00 1.410663427454535110e+02
6.133969545825956438e+00 1.367738347874244198e+02 6.730112904641618599e-01 1.302262972403843921e+00 1.378086916184484494e+02
6.260246226438936468e+00 1.335886726828305484e+02 6.704978751323376063e-01 1.238353041486006667e+00 1.345654063669643108e+02
6.389122496102272564e+00 1.304177305798659461e+02 6.679340874206693979e-01 1.177479454633168832e+00 1.313393623393463940e+02
6.520651871135840771e+00 1.272639240660297588e+02 6.653204093550639797e-01 1.119419864691926225e+00 1.281332679035955664e+02
6.654888969570747825e+00 1.241301194405334201e+02 6.626574026861206113e-01 1.064189663384389029e+00 1.249499687259880574e+02
6.791889533829676751e+00 1.210191224810424444e+02 6.599457082119634110e-01 1.011543879026339798e+00 1.217920486698684641e+02
6.931710453874130984e+00 1.179336674737341468e+02 6.571860446265230804e-01 9.613853291952022539e-01 1.186621364049115499e+02
7.074409790828136479e+00 1.148764066006694122e+02 6.543792068846754351e-01 9.136243600579222468e-01 1.155627848791790626e+02
7.220046801088408017e+00 1.118498997792694638e+02 6.515260640810104364e-01 8.681511518573764574e-01 1.124964403951565401e+02
7.368681960930719477e+00 1.088566050481659602e+02 6.486275568447854578e-01 8.248783708366329570e-01 1.094654652479121353e+02
7.520376991622916840e+00 1.058988695915623879e+02 6.456846942596659034e-01 7.836830993948276092e-01 1.064720856425798843e+02
7.675194885054827942e+00 1.029789214903082808e+02 6.426985503231426033e-01 7.444652681911573255e-01 1.035184270944219946e+02
7.833199929895956259e+00 1.000988622819542968e+02 6.396702599668381284e-01 7.071396141352359610e-01 1.006065005630409104e+02
7.994457738291512960e+00 9.726066040406082891e+01 6.366010146652268942e-01 6.716242604280749928e-01 9.773818737606535478e+01
8.159035273108107944e+00 9.446614558495781466e+01 6.334920576663918279e-01 6.378377269077156742e-01 9.491523149607259313e+01
8.327000875740321106e+00 9.171700423409180303e+01 6.303446788842108628e-01 6.056886138714594470e-01 9.213922780076788399e+01
8.498424294489650421e+00 8.901477587016987059e+01 6.271602094967190233e-01 5.751110117733250204e-01 8.941164338771621090e+01
8.673376713527826354e+00 8.636085060969486449e+01 6.239400163000969890e-01 5.460272548672402415e-01 8.673378881733195556e+01
8.851930782456221891e+00 8.375646772143920771e+01 6.206854958718089899e-01 5.183735763101243732e-01 8.410683450630659763e+01
9.034160646473878842e+00 8.120271523424069926e+01 6.173980685996511841e-01 4.920745525665150000e-01 8.153179283155263590e+01
9.220141977166566249e+00 7.870053056679266490e+01 6.140791726358654223e-01 4.670687219362252840e-01 7.900953620176095171e+01
9.409952003929602071e+00 7.625070212960835647e+01 6.107302578369763202e-01 4.433004031427507652e-01 7.654079287823803668e+01
9.603669546037737703e+00 7.385387183217993368e+01 6.073527797505759995e-01 4.207021418250480593e-01 7.412613798108699825e+01
9.801375045375065653e+00 7.151053841391691890e+01 6.039481937099928643e-01 3.992283992922948666e-01 7.176601886792883533e+01
1.000315059983882726e+01 6.922106150720766493e+01 6.005179490966549016e-01 3.788164703870204875e-01 6.946073373738283863e+01
1.020907999743076822e+01 6.698566633630984768e+01 5.970634838281259071e-01 3.593935135372922085e-01 6.721044140256549326e+01
1.041924875105052628e+01 6.480444895763423574e+01 5.935862191273966193e-01 3.409870419173611777e-01 6.501523525400730819e+01
1.063374413400507201e+01 6.267738195556761838e+01 5.900875546262215332e-01 3.235019425061044229e-01 6.287500913914484357e+01
1.085265521624927842e+01 6.060432052249768731e+01 5.865688638523051113e-01 3.068716554192088553e-01 6.078955919787863138e+01
1.107607290137255340e+01 5.858500887048119665e+01 5.830314901471475020e-01 2.910579333546076120e-01 5.875858913422361951e+01
1.130408996434677427e+01 5.661908694251911811e+01 5.794767430585272550e-01 2.760599196373240694e-01 5.678172128441019595e+01
1.153680109005156496e+01 5.470609741076619059e+01 5.759058952490232475e-01 2.617904843868421594e-01 5.485843033655659440e+01
1.177430291259241990e+01 5.284549296430935783e+01 5.723201799596396855e-01 2.482537595236563865e-01 5.298815579311747115e+01
1.201669405542840963e+01 5.103664389776491106e+01 5.687207890653319664e-01 2.354246786119391366e-01 5.117023793427938472e+01
1.226407517232581057e+01 4.927884601173082046e+01 5.651088717566764563e-01 2.232463020675927445e-01 4.940392530049297193e+01
1.251654898915508340e+01 4.757132882534988028e+01 5.614855338785119665e-01 2.116546890815411697e-01 4.768839782732867150e+01
1.277422034654804861e+01 4.591326407882107219e+01 5.578518379513484060e-01 2.006835042853165607e-01 4.602283272382560142e+01
1.303719624343335148e+01 4.430377446965940180e+01 5.542088038937816874e-01 1.902292334955367759e-01 4.440628322901164893e+01
1.330558588146815957e+01 4.274194252288731377e+01 5.505574104530717161e-01 1.803311156295563933e-01 4.283784123461292381e+01
1.357950071038443518e+01 4.122681944665272624e+01 5.468985973356742525e-01 1.709348084708954829e-01 4.131651708468432105e+01
1.385905447426897119e+01 3.975743377801732947e+01 5.432332680091382926e-01 1.620257252350250088e-01 3.984132056677811562e+01
1.414436325879592715e+01 3.833279958768490303e+01 5.395622931213470697e-01 1.535671150613204250e-01 3.841123610234565433e+01
1.443554553943185681e+01 3.695192399675890726e+01 5.358865144528611735e-01 1.455460252227729900e-01 3.702525419927281547e+01
1.473272223063294106e+01 3.561381377125564995e+01 5.322067492841976444e-01 1.379433986020621172e-01 3.568236236595775779e+01
1.503601673605531452e+01 3.431748080430068626e+01 5.285237950237783311e-01 1.307235763124578176e-01 3.438154566535639134e+01
1.534555499979875037e+01 3.306194636779068219e+01 5.248384339061523685e-01 1.238864012986666402e-01 3.312181671513661030e+01
1.566146555870540880e+01 3.184624410455343124e+01 5.211514375364436624e-01 1.173800444894245870e-01 3.190217593446346811e+01
1.598387959573524597e+01 3.066942182567688846e+01 5.174635710285792056e-01 1.112276196539285084e-01 3.072167456752593040e+01
1.631293099444006245e+01 2.953054226254172576e+01 5.137755964648839102e-01 1.053882010652536505e-01 2.957934855454757184e+01
1.664875639455931022e+01 2.842868298647395520e+01 5.100882753965385596e-01 9.984867354832493991e-02 2.847426251836428079e+01
1.699149524876008499e+01 2.736293573976833926e+01 5.064023701124402699e-01 9.460768544916019207e-02 2.740550094731958097e+01
1.734128988054541765e+01 2.633240541325442763e+01 5.027186434329135034e-01 8.962510787658449496e-02 2.637214437833969072e+01
1.769828554335444437e+01 2.533620885649004251e+01 4.990378568397881298e-01 8.490182075142209406e-02 2.537330432554855975e+01
1.806263048087961209e+01 2.437347362371821902e+01 4.953607668404825248e-01 8.042543174058601474e-02 2.440809732508751750e+01
1.843447598862527315e+01 2.344333666198376775e+01 4.916881195841441010e-01 7.618478249050683604e-02 2.347565020210451081e+01
1.881397647673367857e+01 2.254494287216465409e+01 4.880206439022917730e-01 7.215479165945085094e-02 2.257509225612331605e+01
1.920128953410437589e+01 2.167744345725748190e+01 4.843590431282604469e-01 6.834000434514053701e-02 2.170557196582527837e+01
1.959657599383340099e+01 2.083999404151053980e+01 4.807039862445310341e-01 6.472691365750998793e-02 2.086623485078702700e+01
2.000000000000000355e+01 2.003175270592111445e+01 4.770560990920106881e-01 6.130104239401494570e-02 2.005622888619044630e+01
