1.000000000000000048e-04 4.102050343342074825e+02 6.650926531989747037e-01 5.698300000000000409e+02 9.800350343342074666e+02
1.019716471361305476e-04 4.102050343288432259e+02 6.650926531976755207e-01 5.806057348430105094e+02 9.908107691695853418e+02
1.039821681965551214e-04 4.102050343232649539e+02 6.650926531963247124e-01 5.915952494627235865e+02 1.001800283781274288e+03
1.060323296378889427e-04 4.102050343174646514e+02 6.650926531949201692e-01 6.027934385459934674e+02 1.012998472856108606e+03
1.081229130285668875e-04 4.102050343114342468e+02 6.650926531934598929e-01 6.141640247925333824e+02 1.024369059093782653e+03
1.102547153467954490e-04 4.102050343051625418e+02 6.650926531919409967e-01 6.257660762254802194e+02 1.035971110517407169e+03
1.124285492843794300e-04 4.102050342986415785e+02 6.650926531903618155e-01 6.376085981189282847e+02 1.047813632401055884e+03
1.146452435565379046e-04 4.102050342918614092e+02 6.650926531887197957e-01 6.496591524848704466e+02 1.059864186756698018e+03
1.169056432178302825e-04 4.102050342848103242e+02 6.650926531870123837e-01 6.619528523314733093e+02 1.072157886592471868e+03
1.192106099843096370e-04 4.102050342774786600e+02 6.650926531852370260e-01 6.744738187755548324e+02 1.084678853025170611e+03
1.215610225620289159e-04 4.102050342698558438e+02 6.650926531833909472e-01 6.872210809974460517e+02 1.097426115235097541e+03
1.239577769820241631e-04 4.102050342619287449e+02 6.650926531814711495e-01 7.001995458500661016e+02 1.110404580075139847e+03
1.264017869419013437e-04 4.102050342536858238e+02 6.650926531794751906e-01 7.134599027960620106e+02 1.123664937007912840e+03
1.288939841541590604e-04 4.102050342451156553e+02 6.650926531773998507e-01 7.269477976269531609e+02 1.137152831824906116e+03
1.314353187013790939e-04 4.102050342362031188e+02 6.650926531752415771e-01 7.406827148135602101e+02 1.150887748996902474e+03
1.340267593984187486e-04 4.102050342269359930e+02 6.650926531729973723e-01 7.546600021317785831e+02 1.164865036299763233e+03
1.366692941617462739e-04 4.102050342173001809e+02 6.650926531706640166e-01 7.689317709997380916e+02 1.179136805151576937e+03
1.393639303860561886e-04 4.102050342072802778e+02 6.650926531682375131e-01 7.834840848168498724e+02 1.193689118951712771e+03
1.421116953283116878e-04 4.102050341968612202e+02 6.650926531657144203e-01 7.982908878767202623e+02 1.208495921993738875e+03
1.449136364993589292e-04 4.102050341860281719e+02 6.650926531630909633e-01 8.133579505724179626e+02 1.223562984670679953e+03
1.477708220632611622e-04 4.102050341747628863e+02 6.650926531603629233e-01 8.287295466390576166e+02 1.238934580717597100e+03
1.506843412445078802e-04 4.102050341630487083e+02 6.650926531575263034e-01 8.443846638240339644e+02 1.254589697881839129e+03
1.536553047432524073e-04 4.102050341508690963e+02 6.650926531545767739e-01 8.603316704441904221e+02 1.270536704480197386e+03
1.566848451587352390e-04 4.102050341382031320e+02 6.650926531515095608e-01 8.765888839394671095e+02 1.286793917952552420e+03
1.597741174210580439e-04 4.102050341250337055e+02 6.650926531483204451e-01 8.931408168034830624e+02 1.303345850792471538e+03
1.629242992314681906e-04 4.102050341113401259e+02 6.650926531450044310e-01 9.100272241000196800e+02 1.320232258063667814e+03
1.661365915113260548e-04 4.102050340971005085e+02 6.650926531415559673e-01 9.272341726176326802e+02 1.337439206554633301e+03
1.694122188599240229e-04 4.102050340822939916e+02 6.650926531379705020e-01 9.447446748518294726e+02 1.354949708760814246e+03
1.727524300213309375e-04 4.102050340668986337e+02 6.650926531342420400e-01 9.625774004884252690e+02 1.372782434367950827e+03
1.761584983604422587e-04 4.102050340508889690e+02 6.650926531303651412e-01 9.807586867029874611e+02 1.390963720551530287e+03
1.796317223484165167e-04 4.102050340342423169e+02 6.650926531263341435e-01 9.992944187994771710e+02 1.409499452615435985e+03
1.831734260576808513e-04 4.102050340169333253e+02 6.650926531221424964e-01 1.018131290959387115e+03 1.428336324741089356e+03
1.867849596666993305e-04 4.102050339989340841e+02 6.650926531177836498e-01 1.037360423759038895e+03 1.447565457504701953e+03
1.904676999746904244e-04 4.102050339802186727e+02 6.650926531132514974e-01 1.056955373233337923e+03 1.467160406941096426e+03
1.942230509264949415e-04 4.102050339607584988e+02 6.650926531085390447e-01 1.076933799022620406e+03 1.487138832690507797e+03
1.980524441477925668e-04 4.102050339405223554e+02 6.650926531036385203e-01 1.097219753366717441e+03 1.507424786992682812e+03
2.019573394908690694e-04 4.102050339194806838e+02 6.650926530985431517e-01 1.117957339668395434e+03 1.528162373250244400e+03
2.059392255911460321e-04 4.102050338976018793e+02 6.650926530932448344e-01 1.139046497109689881e+03 1.549251530645143021e+03
2.099996204346833044e-04 4.102050338748507556e+02 6.650926530877353526e-01 1.160564032485119469e+03 1.570769065971752752e+03
2.141400719368687674e-04 4.102050338511937184e+02 6.650926530820063798e-01 1.182443668369049647e+03 1.592648701804336042e+03
2.183621585325197067e-04 4.102050338265957521e+02 6.650926530760497002e-01 1.204818654080558645e+03 1.615023687461796044e+03
2.226674897776190025e-04 4.102050338010168389e+02 6.650926530698555439e-01 1.227518779495460194e+03 1.637723812819862815e+03
2.270577069629129796e-04 4.102050337744202011e+02 6.650926530634149181e-01 1.250640633660673984e+03 1.660845666925280966e+03
2.315344837396109590e-04 4.102050337467643431e+02 6.650926530567174977e-01 1.274243683333025047e+03 1.684448716534691357e+03
2.360995267574176367e-04 4.102050337180069164e+02 6.650926530497535127e-01 1.298241102186426133e+03 1.708446135321882366e+03
2.407545763151478185e-04 4.102050336881041517e+02 6.650926530425123051e-01 1.322827950344176998e+03 1.733032983409893177e+03
2.455014070241686754e-04 4.102050336570112563e+02 6.650926530349826615e-01 1.347698743145031131e+03 1.757903776137437717e+03
2.503418284849206490e-04 4.102050336246791176e+02 6.650926530271530357e-01 1.373111211963064079e+03 1.783316244878277303e+03
2.552776859767804133e-04 4.102050335910603849e+02 6.650926530190117703e-01 1.399010344572457370e+03 1.809215377406420203e+03
2.603108611615219544e-04 4.102050335561028191e+02 6.650926530105463197e-01 1.425396583651304582e+03 1.835601616399744898e+03
2.654432728006498807e-04 4.102050335197532718e+02 6.650926530017438054e-01 1.452237562367033433e+03 1.862442595025474930e+03
2.706768774868748505e-04 4.102050334819554678e+02 6.650926529925906827e-01 1.479655751882875848e+03 1.889860784446531397e+03
2.760136703900124117e-04 4.102050334426535869e+02 6.650926529830731848e-01 1.507494712778571056e+03 1.917699745242502786e+03
2.814556860175856283e-04 4.102050334017853288e+02 6.650926529731761017e-01 1.535938500056296107e+03 1.946143532415180971e+03
2.870049989904279700e-04 4.102050333592906100e+02 6.650926529628857775e-01 1.564881987747334506e+03 1.975087019995648006e+03
2.926637248335742648e-04 4.102050333151038330e+02 6.650926529521853370e-01 1.594312326322006811e+03 2.004517358453938868e+03
2.984340207827481176e-04 4.102050332691565586e+02 6.650926529410585708e-01 1.624286259191078443e+03 2.034491291200471551e+03
3.043180866067503993e-04 4.102050332213798356e+02 6.650926529294887146e-01 1.654893169155405758e+03 2.065098201035707461e+03
3.103181654460593786e-04 4.102050331717011886e+02 6.650926529174583379e-01 1.686052037288934798e+03 2.096257069033312291e+03
3.164365446679694898e-04 4.102050331200438222e+02 6.650926529049490110e-01 1.717767355093914603e+03 2.127972386695169462e+03
3.226755567385859746e-04 4.102050330663292357e+02 6.650926528919411940e-01 1.750084898460274871e+03 2.160289929910785304e+03
3.290375801120152969e-04 4.102050330104764271e+02 6.650926528784156799e-01 1.783017613973899643e+03 2.193222645265630945e+03
3.355250401370871052e-04 4.102050329523984260e+02 6.650926528643513747e-01 1.816577629322939401e+03 2.226782660447414401e+03
3.421404099819505161e-04 4.102050328920086031e+02 6.650926528497272949e-01 1.850752115842522471e+03 2.260957146790830848e+03
3.488862115769049421e-04 4.102050328292133941e+02 6.650926528345204591e-01 1.885507592494396476e+03 2.295712623257187261e+03
3.557650165758153931e-04 4.102050327639175862e+02 6.650926528187082187e-01 1.920923329821969901e+03 2.331128360389313002e+03
3.627794473364868402e-04 4.102050326960216466e+02 6.650926528022664819e-01 1.957047775843825093e+03 2.367252806205203797e+03
3.699321779203665447e-04 4.102050326254222909e+02 6.650926527851697134e-01 1.993795784207007955e+03 2.404000814351445115e+03
3.772259351119588077e-04 4.102050325520112324e+02 6.650926527673923783e-01 2.031211413008465797e+03 2.441416442924347848e+03
3.846634994583350824e-04 4.102050324756767736e+02 6.650926527489069429e-01 2.069339666917646809e+03 2.479544696592682158e+03
3.922477063291448856e-04 4.102050323963025562e+02 6.650926527296854296e-01 2.108155726183549632e+03 2.518360755604823680e+03
3.999814469975212367e-04 4.102050323137674468e+02 6.650926527096985286e-01 2.147720962253844391e+03 2.557925991407665151e+03
4.078676697423010231e-04 4.102050322279458214e+02 6.650926526889155976e-01 2.187982001859363208e+03 2.598187030731384766e+03
4.159093809719774945e-04 4.102050321387065992e+02 6.650926526673051065e-01 2.229007371938545930e+03 2.639212400513551984e+03
4.241096463708093488e-04 4.102050320459132990e+02 6.650926526448340814e-01 2.270777567701421958e+03 2.680982595963411313e+03
4.324715920675328319e-04 4.102050319494256314e+02 6.650926526214684387e-01 2.313341027455892345e+03 2.723546055387925662e+03
4.409984058271105320e-04 4.102050318490952918e+02 6.650926525971720960e-01 2.356757461961708486e+03 2.766962489545825974e+03
4.496933382659821523e-04 4.102050317447699399e+02 6.650926525719081939e-01 2.400826102365589122e+03 2.811031129583237089e+03
4.585597040912727917e-04 4.102050316362893909e+02 6.650926525456382077e-01 2.445785514228524789e+03 2.855990541059706629e+03
4.676008833644371360e-04 4.102050315234895947e+02 6.650926525183222804e-01 2.491564973264034961e+03 2.901769999687814561e+03
4.768203227898127066e-04 4.102050314061975200e+02 6.650926524899184455e-01 2.538140712609762886e+03 2.948345738604129565e+03
4.862215370285865364e-04 4.102050312842349058e+02 6.650926524603837375e-01 2.585537135633895559e+03 2.995742161175608999e+03
4.958081100386606179e-04 4.102050311574159309e+02 6.650926524296728592e-01 2.633858316278571237e+03 3.044063341342904550e+03
5.055836964409403866e-04 4.102050310255458498e+02 6.650926523977386262e-01 2.683075183880532677e+03 3.093280208441485684e+03
5.155520229125611304e-04 4.102050308884252559e+02 6.650926523645331878e-01 2.733160883604894025e+03 3.143365907635138228e+03
5.257168896075791907e-04 4.102050307458441694e+02 6.650926523300051407e-01 2.784229330113006199e+03 3.194434353583441407e+03
5.360821716056817128e-04 4.102050305975849369e+02 6.650926522941023045e-01 2.836108610481868709e+03 3.246313633362284236e+03
5.466518203894515709e-04 4.102050304434220607e+02 6.650926522567697230e-01 2.889005693915814390e+03 3.299210716173803576e+03
5.574298653507651306e-04 4.102050302831206068e+02 6.650926522179506639e-01 2.942808550394415306e+03 3.353013571996140854e+03
5.684204153268898867e-04 4.102050301164346706e+02 6.650926521775853972e-01 2.997663686427650646e+03 3.407868707337002434e+03
5.796276601668633264e-04 4.102050299431119811e+02 6.650926521356130827e-01 3.053387329413082625e+03 3.463592349592577648e+03
5.910558723287638551e-04 4.102050297628867952e+02 6.650926520919692164e-01 3.110186973957430382e+03 3.520391993366889892e+03
6.027094085084653283e-04 4.102050295754846729e+02 6.650926520465872960e-01 3.168031651245015837e+03 3.578236669842181072e+03
6.145927113005118314e-04 4.102050293806196350e+02 6.650926519993980435e-01 3.226851597193864563e+03 3.637056614934434492e+03
6.267103108917349312e-04 4.102050291779957547e+02 6.650926519503301826e-01 3.286843112521672992e+03 3.697048129358234291e+03
6.390668267882666309e-04 4.102050289673019279e+02 6.650926518993078851e-01 3.347817849027068860e+03 3.758022864910335556e+03
6.516669695765972504e-04 4.102050287482185240e+02 6.650926518462538795e-01 3.409868594448733802e+03 3.820073609326402675e+03
6.645155427193630109e-04 4.102050285204110196e+02 6.650926517910872304e-01 3.473066225908650267e+03 3.883271239725286250e+03
6.776174443865317374e-04 4.102050282835313055e+02 6.650926517337236721e-01 3.537401966160403390e+03 3.947606978857589183e+03
6.909776693226991071e-04 4.102050280372189377e+02 6.650926516740760519e-01 3.602821982028296134e+03 4.013026993544694506e+03
7.046013107512016926e-04 4.102050277810980106e+02 6.650926516120529985e-01 3.669444416271000591e+03 4.079649426541393041e+03
7.184935623157654100e-04 4.102050275147776119e+02 6.650926515475600320e-01 3.737302605446553571e+03 4.147507614402003128e+03
7.326597200604465778e-04 4.102050272378521640e+02 6.650926514804988976e-01 3.806302463681953213e+03 4.216507471250249182e+03
7.471051844486004600e-04 4.102050269498992066e+02 6.650926514107672327e-01 3.876522444539110438e+03 4.286727450643714292e+03
7.618354624216640975e-04 4.102050266504793967e+02 6.650926513382586780e-01 3.947992063474642691e+03 4.358197068034690346e+03
7.768561694985270071e-04 4.102050263391358840e+02 6.650926512628627663e-01 4.020726637470349488e+03 4.430931640400485776e+03
7.921730319162982375e-04 4.102050260153945374e+02 6.650926511844645894e-01 4.094703447217993016e+03 4.504908448428358497e+03
8.077918888132737179e-04 4.102050256787607054e+02 6.650926511029442434e-01 4.169970014752877432e+03 4.580175014148430819e+03
8.237186944549554314e-04 4.102050253287221722e+02 6.650926510181778273e-01 4.246637445135110283e+03 4.656842442614920401e+03
8.399595205039485759e-04 4.102050249647444389e+02 6.650926509300358891e-01 4.324602813583972420e+03 4.734807809042274130e+03
8.565205583346196866e-04 4.102050245862719180e+02 6.650926508383836477e-01 4.403865570138164003e+03 4.814070563463451435e+03
8.734081213933937065e-04 4.102050241927287857e+02 6.650926507430821033e-01 4.484552679708202959e+03 4.894757670781998058e+03
8.906286476055772080e-04 4.102050237835135817e+02 6.650926506439852615e-01 4.566633018828991226e+03 4.976838007526568617e+03
9.081887018296509132e-04 4.102050233580027339e+02 6.650926505409421319e-01 4.650092468911948345e+03 5.060297455101905143e+03
9.260949783599363872e-04 4.102050229155476586e+02 6.650926504337959511e-01 4.735011537285505256e+03 5.145216520828633293e+03
9.443543034786180002e-04 4.102050224554731699e+02 6.650926503223827391e-01 4.821418524324772079e+03 5.231623505074014247e+03
9.629736380580797847e-04 4.102050219770774788e+02 6.650926502065329649e-01 4.909245115035695562e+03 5.319450092836582371e+03
9.819600802145431618e-04 4.102050214796320233e+02 6.650926500860701029e-01 4.998557946527068452e+03 5.408762921216125505e+03
1.001320868014038456e-03 4.102050209623769206e+02 6.650926499608098563e-01 5.089428535863420620e+03 5.499633507267562891e+03
1.021063382231714818e-03 4.102050204245234113e+02 6.650926498305615997e-01 5.181718765572908524e+03 5.591923733511002865e+03
1.041195149165564200e-03 4.102050198652520407e+02 6.650926496951266031e-01 5.275885074217098918e+03 5.686090038493404791e+03
1.061723843505616143e-03 4.102050192837099871e+02 6.650926495542985872e-01 5.371275124304097517e+03 5.781480084719141814e+03
1.082657291259708733e-03 4.102050186790092425e+02 6.650926494078622797e-01 5.468404685612685171e+03 5.878609641950495643e+03
1.104003472736939323e-03 4.102050180502288299e+02 6.650926492555949698e-01 5.567345141259356751e+03 5.977550093291247322e+03
1.125770525589939088e-03 4.102050173964092323e+02 6.650926490972638438e-01 5.667588542914037134e+03 6.077793490404968907e+03
1.147966747917134956e-03 4.102050167165532457e+02 6.650926489326278723e-01 5.769752096068953506e+03 6.179957038763449418e+03
1.170600601426172909e-03 4.102050160096241598e+02 6.650926487614357008e-01 5.873360805685138985e+03 6.283565743319915782e+03
1.193680714659719122e-03 4.102050152745440528e+02 6.650926485834263158e-01 5.979079459945577582e+03 6.389284392233998005e+03
1.217215886284848904e-03 4.102050145101918019e+02 6.650926483983284898e-01 6.086316361579933982e+03 6.496521288227926561e+03
1.241215088447310396e-03 4.102050137154019467e+02 6.650926482058595601e-01 6.194880379739456657e+03 6.605085300439995990e+03
1.265687470191902055e-03 4.102050128889622442e+02 6.650926480057263168e-01 6.305542942899636728e+03 6.715747857317355738e+03
1.290642360950303765e-03 4.102050120296127034e+02 6.650926477976234485e-01 6.418067517721290642e+03 6.828272425506069339e+03
1.316089274097666977e-03 4.102050111360416622e+02 6.650926475812335426e-01 6.532558650538931033e+03 6.942763551319751059e+03
1.342037910579333641e-03 4.102050102068873230e+02 6.650926473562266406e-01 6.648525803035826357e+03 7.058730696429933232e+03
1.368498162609057189e-03 4.102050092407321813e+02 6.650926471222593506e-01 6.766466812802122149e+03 7.176671698397246473e+03
1.395480117440138067e-03 4.102050082361038790e+02 6.650926468789754020e-01 6.886436189779096821e+03 7.296641067139385086e+03
1.422994061210917753e-03 4.102050071914694627e+02 6.650926466260034253e-01 7.008198482596671056e+03 7.418403351267028484e+03
1.451050482866089080e-03 4.102050061052354408e+02 6.650926463629576180e-01 7.131737590736329366e+03 7.541942450237389494e+03
1.479660078155326875e-03 4.102050049757461352e+02 6.650926460894367453e-01 7.257173969412482620e+03 7.667378819236452728e+03
1.508833753710742045e-03 4.102050038012785080e+02 6.650926458050241408e-01 7.384812949561644928e+03 7.795017789166427065e+03
1.538582631204750938e-03 4.102050025800416506e+02 6.650926455092854850e-01 7.514203142556118109e+03 7.924407971380259369e+03
1.568918051589901497e-03 4.102050013101730315e+02 6.650926452017700274e-01 7.645560836590180770e+03 8.055765654036904380e+03
1.599851579422308968e-03 4.102049999897364501e+02 6.650926448820089210e-01 7.779004922025869746e+03 8.189209727463111449e+03
1.631395007270326812e-03 4.102049986167172619e+02 6.650926445495143335e-01 7.914381687574773423e+03 8.324586480340080016e+03
1.663560360210147209e-03 4.102049971890230040e+02 6.650926442037792263e-01 8.051850995234272887e+03 8.462055774625152480e+03
1.696359900410033573e-03 4.102049957044752659e+02 6.650926438442765765e-01 8.191408249823121878e+03 8.601613015099099357e+03
1.729806131804935204e-03 4.102049941608096901e+02 6.650926434704576007e-01 8.332923561951460215e+03 8.743128312335742521e+03
1.763911804863277756e-03 4.102049925556732433e+02 6.650926430817526436e-01 8.476670723884595645e+03 8.886875458550308394e+03
1.798689921447731502e-03 4.102049908866179635e+02 6.650926426775688460e-01 8.622533449603855843e+03 9.032738167682848143e+03
1.834153739771822835e-03 4.102049891510975499e+02 6.650926422572898122e-01 8.770408339595567668e+03 9.180613040176212962e+03
1.870316779454265360e-03 4.102049873464660550e+02 6.650926418202744994e-01 8.920342865587206688e+03 9.330547547707308695e+03
1.907192826672944553e-03 4.102049854699711773e+02 6.650926413658564407e-01 9.072367339083426486e+03 9.482572001728016403e+03
1.944795939420529028e-03 4.102049835187508506e+02 6.650926408933427458e-01 9.226652644863852402e+03 9.636857286957118049e+03
1.983140452863694884e-03 4.102049814898297200e+02 6.650926404020127691e-01 9.382962593669835769e+03 9.793167214086921376e+03
2.022240984808028330e-03 4.102049793801135706e+02 6.650926398911172210e-01 9.541603886667551706e+03 9.951808484211231189e+03
2.062112441270652023e-03 4.102049771863850083e+02 6.650926393598769470e-01 9.702538351187979060e+03 1.011274292459791468e+04
2.102770022162756772e-03 4.102049749052986840e+02 6.650926388074817064e-01 9.865377038638878730e+03 1.027558158660365370e+04
2.144229227084140654e-03 4.102049725333754395e+02 6.650926382330891729e-01 1.003045111235786317e+04 1.044065563348170690e+04
2.186505861232019340e-03 4.102049700669982144e+02 6.650926376358234915e-01 1.019809349984407709e+04 1.060829799264082249e+04
2.229616041426324847e-03 4.102049675024060775e+02 6.650926370147738353e-01 1.036734391182158106e+04 1.077754837477120418e+04
2.273576202253812031e-03 4.102049648356871785e+02 6.650926363689926291e-01 1.053888567688162766e+04 1.094909010835025947e+04
2.318403102333295180e-03 4.102049620627754507e+02 6.650926356974954379e-01 1.071284707537458416e+04 1.112305147363420292e+04
2.364113830704411227e-03 4.102049591794417438e+02 6.650926349992581921e-01 1.088896493737200035e+04 1.129916930061621133e+04
2.410725813342361190e-03 4.102049561812887646e+02 6.650926342732158547e-01 1.106781377890935073e+04 1.147801810520314757e+04
2.458256819801083164e-03 4.102049530637441421e+02 6.650926335182613114e-01 1.124772576369298076e+04 1.165793005109529258e+04
2.506724969987425122e-03 4.102049498220539476e+02 6.650926327332431498e-01 1.143073802959705063e+04 1.184094227594294534e+04
2.556148741068848922e-03 4.102049464512739974e+02 6.650926319169643275e-01 1.161622787374455402e+04 1.202643207679059924e+04
2.606546974517370396e-03 4.102049429462641683e+02 6.650926310681799514e-01 1.180370557141387508e+04 1.221390972882934147e+04
2.657938883292339325e-03 4.102049393016789622e+02 6.650926301855953904e-01 1.199323689246365939e+04 1.240344100179103589e+04
2.710344059164873469e-03 4.102049355119604570e+02 6.650926292678651652e-01 1.218451090495931567e+04 1.259471496363446568e+04
2.763782480186679266e-03 4.102049315713289275e+02 6.650926283135891737e-01 1.237797314583112529e+04 1.278817715112360747e+04
2.818274518306154892e-03 4.102049274737749442e+02 6.650926273213122464e-01 1.257396383147651431e+04 1.298416778048575907e+04
2.873840947134635379e-03 4.102049232130493124e+02 6.650926262895211494e-01 1.277289391606079880e+04 1.318309780569879149e+04
2.930502949865762628e-03 4.102049187826544312e+02 6.650926252166424746e-01 1.297276296774022921e+04 1.338296679492112344e+04
2.988282127351012205e-03 4.102049141758343467e+02 6.650926241010401974e-01 1.317552584298500005e+04 1.358572960429715931e+04
3.047200506334426552e-03 4.102049093855627575e+02 6.650926229410125678e-01 1.338033233603685221e+04 1.379053602796322957e+04
3.107280547849721776e-03 4.102049044045347159e+02 6.650926217347906677e-01 1.358682647482428911e+04 1.399703009369846586e+04
3.168545155782942577e-03 4.102048992251539516e+02 6.650926204805350794e-01 1.379531529107221832e+04 1.420551883300924965e+04
3.231017685603940030e-03 4.102048938395213895e+02 6.650926191763329998e-01 1.400643760149385707e+04 1.441664106234207247e+04
3.294721953270021968e-03 4.102048882394238944e+02 6.650926178201952421e-01 1.421915856202846953e+04 1.462936193752689724e+04
3.359682244305131366e-03 4.102048824163215954e+02 6.650926164100539051e-01 1.443416705517838636e+04 1.484437034077233693e+04
3.425923323058059893e-03 4.102048763613336178e+02 6.650926149437581536e-01 1.465116399768590600e+04 1.506136718861760164e+04
3.493470442143159580e-03 4.102048700652258617e+02 6.650926134190723316e-01 1.487019755003176579e+04 1.528040064129223174e+04
3.562349352067242358e-03 4.102048635183968486e+02 6.650926118336708548e-01 1.509102113810497940e+04 1.550122412445738155e+04
3.632586311046241429e-03 4.102048567108622024e+02 6.650926101851361016e-01 1.531392355289487932e+04 1.572412642879716623e+04
3.704208095015455206e-03 4.102048496322403253e+02 6.650926084709539721e-01 1.553802516018317147e+04 1.594822791992587736e+04
3.777242007837139457e-03 4.102048422717360268e+02 6.650926066885100019e-01 1.576424387037206179e+04 1.617444650783134239e+04
3.851715891709376824e-03 4.102048346181241527e+02 6.650926048350864761e-01 1.599292502668015004e+04 1.640312753536667151e+04
3.927658137780149807e-03 4.102048266597331008e+02 6.650926029078563229e-01 1.622293911485497119e+04 1.663314148811301129e+04
4.005097696970691228e-03 4.102048183844258347e+02 6.650926009038806708e-01 1.645433023569318902e+04 1.686453246652621601e+04
4.084064091012243845e-03 4.102048097795820922e+02 6.650925988201034089e-01 1.668763502867733769e+04 1.709783710964999045e+04
4.164587423700419344e-03 4.102048008320793997e+02 6.650925966533467459e-01 1.692234974954197969e+04 1.733255167292578699e+04
4.246698392371461850e-03 4.102047915282722670e+02 6.650925944003061030e-01 1.715848599230900436e+04 1.756868774998603112e+04
4.330428299604751480e-03 4.102047818539725199e+02 6.650925920575456729e-01 1.739656374888437858e+04 1.780676533223445949e+04
4.415809065156095503e-03 4.102047717944261080e+02 6.650925896214925359e-01 1.763608960484067211e+04 1.804629100490000565e+04
4.502873238126238464e-03 4.102047613342924137e+02 6.650925870884316637e-01 1.787664551292559190e+04 1.828684672036501433e+04
4.591654009369343543e-03 4.102047504576188999e+02 6.650925844545002574e-01 1.811815846171115118e+04 1.852835946675612286e+04
4.682185224146093346e-03 4.102047391478186000e+02 6.650925817156811970e-01 1.836095006421833386e+04 1.877115085654429276e+04
4.774501395026292498e-03 4.102047273876434588e+02 6.650925788677979344e-01 1.860528832274868910e+04 1.901548889145891735e+04
4.868637715045841426e-03 4.102047151591589795e+02 6.650925759065071663e-01 1.885060638232670681e+04 1.926080671611196158e+04
4.964630071123114601e-03 4.102047024437164850e+02 6.650925728272927273e-01 1.909668715353732478e+04 1.950688724058567823e+04
5.062515057739890197e-03 4.102046892219243546e+02 6.650925696254589292e-01 1.934312192998952014e+04 1.975332175801625272e+04
5.162329990891991079e-03 4.102046754736189769e+02 6.650925662961229001e-01 1.959118928398321441e+04 2.000138883977884689e+04
5.264112922315016506e-03 4.102046611778338843e+02 6.650925628342071461e-01 1.984029523764461555e+04 2.025049450750280084e+04
5.367902653990518774e-03 4.102046463127675224e+02 6.650925592344321124e-01 2.008937076245673234e+04 2.049956973230203948e+04
5.473738752938198462e-03 4.102046308557499970e+02 6.650925554913080795e-01 2.033935104943045008e+04 2.074954970424549174e+04
5.581661566299772614e-03 4.102046147832095926e+02 6.650925515991268355e-01 2.058941175590259081e+04 2.099961008019098517e+04
5.691712236720216159e-03 4.102045980706344039e+02 6.650925475519522401e-01 2.084031997038654299e+04 2.125051794767264073e+04
5.803932718032302381e-03 4.102045806925377747e+02 6.650925433436125633e-01 2.109033739141162732e+04 2.150053500499530128e+04
5.918365791250324026e-03 4.102045626224174271e+02 6.650925389676898281e-01 2.134128152769944063e+04 2.175147875948821093e+04
6.035055080879241779e-03 4.102045438327162401e+02 6.650925344175105947e-01 2.159122441169782542e+04 2.200142124341101226e+04
6.154045071545298680e-03 4.102045242947787074e+02 6.650925296861357472e-01 2.184208928127269610e+04 2.225228569307911312e+04
6.275381124954604838e-03 4.102045039788096119e+02 6.650925247663496132e-01 2.209091709697286205e+04 2.250111306922549556e+04
6.399109497186043251e-03 4.102044828538263914e+02 6.650925196506497494e-01 2.234067873348799912e+04 2.275087424447930971e+04
6.525277356325163286e-03 4.102044608876128677e+02 6.650925143312340637e-01 2.258968721686952631e+04 2.299988224454965166e+04
6.653932800445723147e-03 4.102044380466698499e+02 6.650925087999906005e-01 2.283688786752097076e+04 2.324708238928594801e+04
6.785124875945762989e-03 4.102044142961644866e+02 6.650925030484838851e-01 2.308386261035098869e+04 2.349405660188006004e+04
6.918903596245229090e-03 4.102043895998766061e+02 6.650924970679426007e-01 2.332986986366398560e+04 2.374006329985393677e+04
7.055319960852225042e-03 4.102043639201438623e+02 6.650924908492465981e-01 2.357502503690377125e+04 2.398521789145474759e+04
7.194425974805207860e-03 4.102043372178039249e+02 6.650924843829117972e-01 2.381850397011536188e+04 2.422869621594850105e+04
7.336274668498486869e-03 4.102043094521350781e+02 6.650924776590767529e-01 2.405994413095292111e+04 2.447013573998036009e+04
7.480920117898608689e-03 4.102042805807943182e+02 6.650924706674880005e-01 2.430025284756922701e+04 2.471044378997631065e+04
7.628417465159371275e-03 4.102042505597516993e+02 6.650924633974825140e-01 2.453892008886692929e+04 2.494911033379013679e+04
7.778822939643260242e-03 4.102042193432248496e+02 6.650924558379734952e-01 2.477506667820546136e+04 2.518525619393944726e+04
7.932193879357403443e-03 4.102041868836079743e+02 6.650924479774324993e-01 2.500898695234927072e+04 2.541917570564763810e+04
8.088588752812068614e-03 4.102041531313993801e+02 6.650924398038720042e-01 2.524031770405237694e+04 2.565050566046501990e+04
8.248067181310264964e-03 4.102041180351261005e+02 6.650924313048269809e-01 2.546884409267654337e+04 2.587903121642829137e+04
8.410689961676692111e-03 4.102040815412661345e+02 6.650924224673363527e-01 2.569508148390301358e+04 2.610526773735012830e+04
8.576519089434912063e-03 4.102040435941649434e+02 6.650924132779223452e-01 2.591821618973569639e+04 2.632840153420710340e+04
8.745617782441435228e-03 4.102040041359529710e+02 6.650924037225711682e-01 2.613758537770143084e+04 2.654776977341277234e+04
8.918050504985857233e-03 4.102039631064558307e+02 6.650923937867101454e-01 2.635372901850105700e+04 2.676391242363214405e+04
9.093882992366087922e-03 4.102039204431029020e+02 6.650923834551871749e-01 2.656595735766195139e+04 2.697613972922620815e+04
9.273182275948137210e-03 4.102038760808316056e+02 6.650923727122463047e-01 2.677437974394072808e+04 2.718456103713311677e+04
9.456016708720033428e-03 4.102038299519891780e+02 6.650923615415045287e-01 2.697909386207741409e+04 2.738927403020574639e+04
9.642455991349529673e-03 4.102037819862282504e+02 6.650923499259253635e-01 2.717903475014295691e+04 2.758921374560709955e+04
9.832571198755621356e-03 4.102037321104007219e+02 6.650923378477956449e-01 2.737417119875562275e+04 2.778434897215162709e+04
1.002643480720387392e-02 4.102036802484448685e+02 6.650923252886952186e-01 2.756430033986011767e+04 2.797447684009038494e+04
1.022412072193610612e-02 4.102036263212711447e+02 6.650923122294714052e-01 2.774952475610757028e+04 2.815969993003441778e+04
1.042570430534468968e-02 4.102035702466399130e+02 6.650922986502085799e-01 2.792946083315259239e+04 2.833963462603456355e+04
1.063126240570244629e-02 4.102035119390368436e+02 6.650922845301978636e-01 2.810294675395411105e+04 2.851311911030578267e+04
1.084087338645900282e-02 4.102034513095424586e+02 6.650922698479058148e-01 2.827122352717941612e+04 2.868139438814058303e+04
1.105461715611466035e-02 4.102033882656966171e+02 6.650922545809416775e-01 2.843323586547054219e+04 2.884340517127538988e+04
1.127257519868338047e-02 4.102033227113565772e+02 6.650922387060230756e-01 2.858886982565150902e+04 2.899903751458676561e+04
1.149483060475638488e-02 4.102032545465522730e+02 6.650922221989400418e-01 2.873761753575186231e+04 2.914778354463021969e+04
1.172146810317810893e-02 4.102031836673318139e+02 6.650922050345191572e-01 2.887848538868832838e+04 2.928864965354860760e+04
1.195257409334687763e-02 4.102031099656047104e+02 6.650921871865839163e-01 2.901314193455784698e+04 2.942330438709373630e+04
1.218823667815223215e-02 4.102030333289754935e+02 6.650921686279160916e-01 2.913961833907611435e+04 2.954977891152240409e+04
1.242854569756182172e-02 4.102029536405734689e+02 6.650921493302133225e-01 2.925838483808819001e+04 2.966854345991883019e+04
1.267359276287047601e-02 4.102028707788741144e+02 6.650921292640459281e-01 2.936905424652654983e+04 2.977921084565527053e+04
1.292347129162446130e-02 4.102027846175142258e+02 6.650921083988129423e-01 2.947197975205966577e+04 2.988213425368177559e+04
1.317827654323441497e-02 4.102026950250977393e+02 6.650920867026940408e-01 2.956593903277503705e+04 2.997609136192319420e+04
1.343810565529046132e-02 4.102026018649968933e+02 6.650920641426023572e-01 2.964955361550581074e+04 3.005970369761832990e+04
1.370305768059318016e-02 4.102025049951439541e+02 6.650920406841334120e-01 2.972370646771827887e+04 3.013385422484370065e+04
1.397323362491491305e-02 4.102024042678133355e+02 6.650920162915123779e-01 2.978612979059405916e+04 3.019627514717336453e+04
1.424873648550537865e-02 4.102022995293971235e+02 6.650919909275401221e-01 2.983710743704354536e+04 3.024725031551629945e+04
1.452967129035661990e-02 4.102021906201709385e+02 6.650919645535361413e-01 2.987941272737963300e+04 3.028955304297973998e+04
1.481614513824211846e-02 4.102020773740505888e+02 6.650919371292797200e-01 2.991404108788596568e+04 3.032417875159781761e+04
1.510826723954521514e-02 4.102019596183374119e+02 6.650919086129482016e-01 2.994105405155906919e+04 3.035118897186226968e+04
1.540614895789264339e-02 4.102018371734569655e+02 6.650918789610540394e-01 2.996132999724788533e+04 3.037146207817242248e+04
1.570990385260893907e-02 4.102017098526837913e+02 6.650918481283772943e-01 2.997495432719203745e+04 3.038508346989287020e+04
1.601964772200776752e-02 4.102015774618571982e+02 6.650918160678981339e-01 2.997945894077365665e+04 3.038958504989039284e+04
1.633549864753692030e-02 4.102014397990850512e+02 6.650917827307234464e-01 2.997204619546040340e+04 3.038216918093455024e+04
1.665757703879372845e-02 4.102012966544361348e+02 6.650917480660140102e-01 2.995075474105469038e+04 3.036087451704659179e+04
1.698600567942782844e-02 4.102011478096200676e+02 6.650917120209054456e-01 2.991294010587160665e+04 3.032305659364729217e+04
1.732090977394923695e-02 4.102009930376540296e+02 6.650916745404289454e-01 2.985858550454373835e+04 3.026869862609994379e+04
1.766241699545906610e-02 4.102008321025171540e+02 6.650916355674261204e-01 2.978879633052588179e+04 3.019890600541713502e+04
1.801065753432145103e-02 4.102006647587904808e+02 6.650915950424630685e-01 2.970516663484977471e+04 3.011527277837051588e+04
1.836576414779518204e-02 4.102004907512830414e+02 6.650915529037390028e-01 2.960880681086638288e+04 3.001890933511040203e+04
1.872787221064367569e-02 4.102003098146418552e+02 6.650915090869917723e-01 2.950140793579310412e+04 2.991150674731231265e+04
1.909711976674300163e-02 4.102001216729483986e+02 6.650914635254007168e-01 2.938168942219657765e+04 2.979178443193351268e+04
1.947364758170741159e-02 4.101999260392979068e+02 6.650914161494848598e-01 2.924921000251736405e+04 2.965930112360598650e+04
1.985759919655228495e-02 4.101997226153605993e+02 6.650913668869949946e-01 2.910276051924758576e+04 2.951284767049979200e+04
2.024912098241539102e-02 4.101995110909288087e+02 6.650913156628064371e-01 2.894034888381119163e+04 2.935043199390371592e+04
2.064836219635679537e-02 4.101992911434423377e+02 6.650912623988023409e-01 2.876069514794948918e+04 2.917077415408375600e+04
2.105547503825910480e-02 4.101990624374973891e+02 6.650912070137547927e-01 2.856400532533393925e+04 2.897408016809403125e+04
2.147061470884962381e-02 4.101988246243354297e+02 6.650911494232022436e-01 2.835161180418600998e+04 2.876168242285727320e+04
2.189393946886628028e-02 4.101985773413114202e+02 6.650910895393191691e-01 2.812550448050332488e+04 2.853557080960902749e+04
2.232561069939031917e-02 4.101983202113401035e+02 6.650910272707835080e-01 2.788733716879872372e+04 2.829739913882776091e+04
2.276579296336850300e-02 4.101980528423221699e+02 6.650909625226358868e-01 2.763784702543300955e+04 2.804790456674086818e+04
2.321465406834814435e-02 4.101977748265463788e+02 6.650908951961364002e-01 2.737875696883616547e+04 2.778881000632839641e+04
2.367236513044934654e-02 4.101974857400670089e+02 6.650908251886127331e-01 2.711094820703944060e+04 2.752099666384075317e+04
2.413910063959821828e-02 4.101971851420586859e+02 6.650907523933048404e-01 2.683366697214156375e+04 2.724371077861316735e+04
2.461503852604650378e-02 4.101968725741440949e+02 6.650906766992008556e-01 2.654719677507071174e+04 2.695723586376255116e+04
2.510036022820272966e-02 4.101965475596948068e+02 6.650905979908688925e-01 2.625139819342332703e+04 2.666143250192433698e+04
2.559525076180054273e-02 4.101962096031049327e+02 6.650905161482802974e-01 2.594677773584402166e+04 2.635680720329465476e+04
2.609989879043098787e-02 4.101958581890360733e+02 6.650904310466272396e-01 2.563211675799658042e+04 2.604214133667140777e+04
2.661449669746549299e-02 4.101954927816307190e+02 6.650903425561319748e-01 2.530901234992387617e+04 2.571903198754795085e+04
2.713924065939660527e-02 4.101951128236968884e+02 6.650902505418487820e-01 2.497665979950546171e+04 2.538667445554327787e+04
2.767433072062517457e-02 4.101947177358571821e+02 6.650901548634592375e-01 2.463500228239777789e+04 2.504501192400857690e+04
2.821997086972168056e-02 4.101943069156664023e+02 6.650900553750566102e-01 2.428315943750864972e+04 2.469316404679680636e+04
2.877636911719139504e-02 4.101938797366944414e+02 6.650899519249248160e-01 2.392332169147108289e+04 2.433332124244312217e+04
2.934373757477285252e-02 4.101934355475689244e+02 6.650898443553069361e-01 2.355663341893841789e+04 2.396662788443098543e+04
2.992229253629952873e-02 4.101929736709848271e+02 6.650897325021634110e-01 2.318434956625552513e+04 2.359433891624537864e+04
3.051225456015605256e-02 4.101924934026708343e+02 6.650896161949237939e-01 2.280583800717342092e+04 2.321582222504051242e+04
3.111384855336023214e-02 4.101919940103164777e+02 6.650894952562254048e-01 2.242308373605098313e+04 2.283306279537843875e+04
3.172730385730255370e-02 4.101914747324555606e+02 6.650893695016425466e-01 2.203882079526676171e+04 2.244879465027946208e+04
3.235285433517647025e-02 4.101909347773056993e+02 6.650892387394070626e-01 2.165422682049995637e+04 2.206419541845907588e+04
3.299073846113246417e-02 4.101903733215631860e+02 6.650891027701144598e-01 2.126871300894904562e+04 2.167867630758989981e+04
3.364119941118966922e-02 4.101897895091456689e+02 6.650889613864199301e-01 2.088579434904595109e+04 2.129575227244314738e+04
3.430448515594035352e-02 4.101891824498894721e+02 6.650888143727233803e-01 2.050510101201653742e+04 2.091505348972309730e+04
3.498084855508178798e-02 4.101885512181926288e+02 6.650886615048392514e-01 2.012856672376586721e+04 2.053851366401376799e+04
3.567054745381218611e-02 4.101878948516045398e+02 6.650885025496557912e-01 1.975804303949954920e+04 2.016798432674965807e+04
3.637384478112735964e-02 4.101872123493589015e+02 6.650883372647795611e-01 1.939232787255652511e+04 1.980226340346263169e+04
3.709100865005503234e-02 4.101865026708494497e+02 6.650881653981649544e-01 1.903269040085454981e+04 1.944262005319091622e+04
3.782231245986573953e-02 4.101857647340441417e+02 6.650879866877312807e-01 1.868125816405327714e+04 1.909118178186684236e+04
3.856803500029903214e-02 4.101849974138367543e+02 6.650878008609619751e-01 1.833719103501958307e+04 1.874710846693228814e+04
3.932846055784421091e-02 4.101841995403321448e+02 6.650876076344903742e-01 1.800186839051740026e+04 1.841177945745631951e+04
4.010387902411718247e-02 4.101833698970649493e+02 6.650874067136666179e-01 1.767535940424667569e+04 1.808526391631175284e+04
4.089458600637345398e-02 4.101825072191453501e+02 6.650871977921087863e-01 1.735807276803404602e+04 1.776797051805271985e+04
4.170088294020051628e-02 4.101816101913327657e+02 6.650869805512363842e-01 1.705082720288524433e+04 1.746071795758923327e+04
4.252307720443213035e-02 4.101806774460322913e+02 6.650867546597842850e-01 1.675490920597737568e+04 1.716479269460358773e+04
4.336148223832790582e-02 4.101797075612115577e+02 6.650865197732973577e-01 1.647152319315207569e+04 1.688139910425130074e+04
4.421641766106360755e-02 4.101786990582345425e+02 6.650862755336062193e-01 1.620142787525680978e+04 1.661129586034287058e+04
4.508820939357749413e-02 4.101776503996093766e+02 6.650860215682805610e-01 1.594514932804906857e+04 1.635500900225688019e+04
4.597718978281846447e-02 4.101765599866475327e+02 6.650857574900619351e-01 1.570372410459583080e+04 1.611357503251187336e+04
4.688369772844470929e-02 4.101754261570282551e+02 6.650854828962730059e-01 1.547666344709114674e+04 1.588650517007763847e+04
4.780807881201969145e-02 4.101742471822672655e+02 6.650851973682041507e-01 1.526286536804584284e+04 1.567269741718137266e+04
4.875068542875586608e-02 4.101730212650853673e+02 6.650849004704751932e-01 1.506051592560585595e+04 1.547033783966818373e+04
4.971187692185594781e-02 4.101717465366710940e+02 6.650845917503717120e-01 1.486857626617826099e+04 1.527838757710831487e+04
5.069201971950246244e-02 4.101704210538352413e+02 6.650842707371547036e-01 1.468681735312013188e+04 1.509661756737853284e+04
5.169148747454871407e-02 4.101690427960534180e+02 6.650839369413438229e-01 1.451328828851647995e+04 1.492307693098706477e+04
5.271066120696393797e-02 4.101676096623892249e+02 6.650835898539710911e-01 1.434696143769535229e+04 1.475673803243777002e+04
5.374992944908651982e-02 4.101661194682957898e+02 6.650832289458049607e-01 1.418728962671172849e+04 1.459705368592178820e+04
5.480968839374156937e-02 4.101645699422915641e+02 6.650828536665436275e-01 1.403330299906368782e+04 1.444305403626259795e+04
5.589034204527885963e-02 4.101629587225021396e+02 6.650824634439774785e-01 1.388317840709073243e+04 1.429291596612739340e+04
5.699230237358810652e-02 4.101612833530663806e+02 6.650820576831153463e-01 1.373635977845884008e+04 1.414608340050904553e+04
5.811598947115182573e-02 4.101595412803988552e+02 6.650816357652794553e-01 1.359087891164244684e+04 1.400058818372700807e+04
5.926183171319372028e-02 4.101577298493042463e+02 6.650811970471621759e-01 1.344469066296771962e+04 1.385438523000793612e+04
6.043026592098535432e-02 4.101558462989365808e+02 6.650807408598446990e-01 1.329560919592703067e+04 1.370528877659125283e+04
6.162173752837253604e-02 4.101538877586003764e+02 6.650802665077789610e-01 1.314305440806095794e+04 1.355271874766546716e+04
6.283670075158458157e-02 4.101518512433827368e+02 6.650797732677284912e-01 1.298339088595055546e+04 1.339303987924793728e+04
6.407561876239205312e-02 4.101497336496129265e+02 6.650792603876640730e-01 1.281369367076488925e+04 1.322332735705523373e+04
6.533896386467868966e-02 4.101475317501423206e+02 6.650787270856205469e-01 1.263122573981389905e+04 1.304084431657102687e+04
6.662721767449393540e-02 4.101452421894367717e+02 6.650781725485035434e-01 1.243280430231347600e+04 1.284240816689870735e+04
6.794087130365655813e-02 4.101428614784737761e+02 6.650775959308523611e-01 1.222115789311644767e+04 1.263074740261528132e+04
6.928042554697724786e-02 4.101403859894376183e+02 6.650769963535505536e-01 1.199717157991806926e+04 1.240674712535748949e+04
7.064639107317322031e-02 4.101378119502047070e+02 6.650763729024874449e-01 1.176256205920614775e+04 1.217212402460899830e+04
7.203928861954701779e-02 4.101351354386097228e+02 6.650757246271664647e-01 1.151560825455823760e+04 1.192515718499403920e+04
7.345964919050314290e-02 4.101323523764842207e+02 6.650750505392556411e-01 1.125233703198087460e+04 1.166187377279032808e+04
7.490801425997917207e-02 4.101294585234592773e+02 6.650743496110839148e-01 1.096697696888551582e+04 1.137650280545124951e+04
7.638493597786831513e-02 4.101264494705231414e+02 6.650736207740746142e-01 1.066354981841919653e+04 1.107306597605673596e+04
7.789097738051103947e-02 4.101233206333222938e+02 6.650728629171192008e-01 1.034926863266166401e+04 1.075877606347858273e+04
7.942671260533797073e-02 4.101200672451986975e+02 6.650720748848844011e-01 1.002830597671566466e+04 1.043780549151103696e+04
8.099272710974377010e-02 4.101166843499498214e+02 6.650712554760535022e-01 9.703359918521100553e+03 1.011285224935894075e+04
8.258961789427697597e-02 4.101131667943036518e+02 6.650704034414965937e-01 9.376423633052016157e+03 9.785909459696809790e+03
8.421799373023065860e-02 4.101095092200939121e+02 6.650695174823685329e-01 9.050458955552601765e+03 9.459938822539617831e+03
8.587847539171936107e-02 4.101057060561272465e+02 6.650685962481321933e-01 8.728825457470351466e+03 9.138299717287532985e+03
8.757169589233268492e-02 4.101017515097285013e+02 6.650676383345021092e-01 8.414843214699507371e+03 8.824311995139520150e+03
8.929830072645481009e-02 4.100976395579503446e+02 6.650666422813059642e-01 8.111818496490684993e+03 8.521281662893194152e+03
9.105894811534111233e-02 4.100933639384359140e+02 6.650656065702629238e-01 7.822800236936862348e+03 8.232257370508243184e+03
9.285430925804784297e-02 4.100889181399217591e+02 6.650645296226727066e-01 7.550809655620172634e+03 7.960260012258273491e+03
9.468506858730794951e-02 4.100842953923627761e+02 6.650634097970113956e-01 7.298443617739434558e+03 7.707886117955677037e+03
9.655192403045276262e-02 4.100794886566686159e+02 6.650622453864355466e-01 7.068029538249715188e+03 7.477462745811333662e+03
9.845558727547812361e-02 4.100744906140350849e+02 6.650610346161830444e-01 6.860976485737337498e+03 7.270398648602869798e+03
1.003967840423556079e-01 4.100692936548530838e+02 6.650597756408738181e-01 6.677678758900470712e+03 7.087087872822738973e+03
1.023762543596937885e-01 4.100638898671804213e+02 6.650584665417013097e-01 6.518082539833630108e+03 6.927476370496640811e+03
1.043947528468544134e-01 4.100582710247592786e+02 6.650571053235139196e-01 6.380077632655446905e+03 6.789453917063547124e+03
1.064530490016299819e-01 4.100524285745601674e+02 6.650556899117805454e-01 6.261265904937230516e+03 6.670622398779863033e+03
1.085519274935941719e-01 4.100463536238347615e+02 6.650542181494336624e-01 6.158588794412833522e+03 6.567923371039029917e+03
1.106921884632361269e-01 4.100400369266596385e+02 6.650526877935909464e-01 6.067877411228769233e+03 6.477188232779716600e+03
1.128746478269916365e-01 4.100334688699495018e+02 6.650510965121427809e-01 5.984546942252429290e+03 6.393832574945650776e+03
1.151001375882899636e-01 4.100266394589185097e+02 6.650494418802073149e-01 5.903818537046629899e+03 6.313078054823575258e+03
1.173695061547318091e-01 4.100195383019708402e+02 6.650477213764435236e-01 5.821197991883684153e+03 6.230431028639452052e+03
1.196836186615220371e-01 4.100121545949957635e+02 6.650459323792183852e-01 5.732460713985277835e+03 6.141667519564559370e+03
1.220433573012793399e-01 4.100044771050475561e+02 6.650440721626230678e-01 5.633503823803889645e+03 6.042685343513937369e+03
1.244496216603475924e-01 4.099964941533795013e+02 6.650421378923285776e-01 5.521197783785693900e+03 5.930355614615928062e+03
1.269033290617390120e-01 4.099881935978165757e+02 6.650401266212809803e-01 5.393313441488634453e+03 5.802449780508130061e+03
1.294054149148391175e-01 4.099795628144325406e+02 6.650380352852225396e-01 5.249484530612183335e+03 5.658601945515963962e+03
1.319568330720052585e-01 4.099705886785106372e+02 6.650358606980374399e-01 5.089713526711198938e+03 5.498814927563077617e+03
1.345585561921980311e-01 4.099612575447548579e+02 6.650335995469127681e-01 4.915757565580970549e+03 5.324845920537164602e+03
1.372115761117801147e-01 4.099515552267288854e+02 6.650312483873077607e-01 4.730958916397667053e+03 5.140036938502462363e+03
1.399169042226274806e-01 4.099414669754883107e+02 6.650288036377234313e-01 4.538721247221119484e+03 4.947791312449615361e+03
1.426755718576954435e-01 4.099309774573756613e+02 6.650262615742662531e-01 4.344384400579253452e+03 4.753448081303468825e+03
1.454886306841855770e-01 4.099200707309500444e+02 6.650236183249960131e-01 4.152771122830778950e+03 4.561829144789669954e+03
1.483571531044657332e-01 4.099087302230120713e+02 6.650208698640498461e-01 3.970006950926665013e+03 4.379058763069760062e+03
1.512822326648947391e-01 4.098969387036939906e+02 6.650180120055351196e-01 3.801204639609638434e+03 4.210248432428788874e+03
1.542649844727063402e-01 4.098846782605787666e+02 6.650150403971788471e-01 3.650354852580854640e+03 4.059387626266467578e+03
1.573065456211147073e-01 4.098719302718091058e+02 6.650119505137286335e-01 3.519595294242079490e+03 3.928613137321583508e+03
1.604080756227993232e-01 4.098586753781490870e+02 6.650087376500897207e-01 3.409509664859167970e+03 3.818508030552341097e+03
1.635707568519381983e-01 4.098448934539588890e+02 6.650053969141949128e-01 3.318045704621416462e+03 3.727020038619243223e+03
1.667957949949565033e-01 4.098305635770417439e+02 6.650019232195891750e-01 3.242147238754809223e+03 3.651093294326821251e+03
1.700844195101607614e-01 4.098156639973182109e+02 6.649983112777234640e-01 3.177990095291263060e+03 3.586904241505676509e+03
1.734378840964369284e-01 4.098001721042867871e+02 6.649945555899443583e-01 3.120525177019745570e+03 3.529404895463714183e+03
1.768574671711897472e-01 4.097840643932213993e+02 6.649906504391670525e-01 3.065235642401076802e+03 3.474079571558865155e+03
1.803444723577035391e-01 4.097673164300618396e+02 6.649865898812213905e-01 3.006598162670093643e+03 3.415406622171467916e+03
1.839002289821137781e-01 4.097499028149459264e+02 6.649823677358546181e-01 2.939944825913902150e+03 3.348719808037752500e+03
1.875260925801771617e-01 4.097317971443327451e+02 6.649779775773816404e-01 2.861549244599310896e+03 3.270294347192519581e+03
1.912234454140315509e-01 4.097129719716652403e+02 6.649734127249660176e-01 2.770773592642840413e+03 3.179493142906132562e+03
1.949936969991474811e-01 4.096933987665163954e+02 6.649686662325188236e-01 2.669311695538798631e+03 3.078009957735404896e+03
1.988382846416662519e-01 4.096730478721655118e+02 6.649637308781997103e-01 2.560688804029262428e+03 2.969369214423244102e+03
2.027586739863345699e-01 4.096518884615424554e+02 6.649585991535054141e-01 2.449413323902151660e+03 2.858077919322567595e+03
2.067563595752424099e-01 4.096298884914834275e+02 6.649532632519290498e-01 2.339765737050004645e+03 2.748414993310871523e+03
2.108328654175754546e-01 4.096070146552333426e+02 6.649477150571744266e-01 2.236654394860916000e+03 2.645286684542941202e+03
2.149897455706028526e-01 4.095832323331334237e+02 6.649419461309069579e-01 2.143597489450210105e+03 2.552209372333774354e+03
2.192285847321200076e-01 4.095585055414250064e+02 6.649359477000238439e-01 2.062973676502122544e+03 2.471560163383921008e+03
2.235509988445701646e-01 4.095327968791024773e+02 6.649297106434254312e-01 1.995298137451830144e+03 2.403853388871008519e+03
2.279586357110803818e-01 4.095060674727451442e+02 6.649232254782688756e-01 1.938663823899752742e+03 2.347182294969386930e+03
2.324531756236401514e-01 4.094782769192543128e+02 6.649164823456809037e-01 1.889819420380212250e+03 2.298296672841940563e+03
2.370363320036679433e-01 4.094493832264196271e+02 6.649094709959135763e-01 1.844764801737097514e+03 2.253198141432724697e+03
2.417098520552071750e-01 4.094193427512407766e+02 6.649021807729190714e-01 1.799104164833237064e+03 2.207493182969641566e+03
2.464755174309990471e-01 4.093881101359185095e+02 6.648946005983200624e-01 1.749290996038367439e+03 2.157637446652484414e+03
2.513351449116900671e-01 4.093556382414394648e+02 6.648867189547559287e-01 1.693453119158895561e+03 2.101760223798484276e+03
2.562905870984309442e-01 4.093218780786647244e+02 6.648785238685774868e-01 1.631654985453027166e+03 2.039926396518439560e+03
2.613437331191290625e-01 4.092867787368378458e+02 6.648700028918679283e-01 1.565938651663326937e+03 1.974177160325778459e+03
2.664965093486290626e-01 4.092502873094215943e+02 6.648611430837625402e-01 1.499333327346943179e+03 1.907539999402760714e+03
2.717508801430891796e-01 4.092123488171708914e+02 6.648519309910416730e-01 1.435113527892477123e+03 1.843287220885642455e+03
2.771088485888397179e-01 4.091729061283479609e+02 6.648423526279680917e-01 1.376276822590220718e+03 1.784414029251249303e+03
2.825724572660058831e-01 4.091318998759811052e+02 6.648323934553428405e-01 1.324419452726334839e+03 1.732515028944124197e+03
2.881437890271848490e-01 4.090892683720682612e+02 6.648220383587455373e-01 1.279551514770212634e+03 1.687599739665753305e+03
2.938249677914770985e-01 4.090449475186222799e+02 6.648112716259333421e-01 1.240070510027294858e+03 1.648066403170231752e+03
2.996181593541742405e-01 4.089988707154523127e+02 6.648000769233619600e-01 1.203469120248430499e+03 1.611409404419699968e+03
3.055255722124076145e-01 4.089509687645742133e+02 6.647884372718014800e-01 1.166940774491828051e+03 1.574824461041418090e+03
3.115494584070800377e-01 4.089011697711408146e+02 6.647763350210068589e-01 1.128544741669133828e+03 1.536372694573314220e+03
3.176921143813934423e-01 4.088493990407757224e+02 6.647637518234130738e-01 1.087516146894652138e+03 1.495290215712867848e+03
3.239558818563064713e-01 4.087955789732004064e+02 6.647506686068139770e-01 1.044604228198604005e+03 1.452325831373619167e+03
3.303431487232528219e-01 4.087396289520332857e+02 6.647370655459926558e-01 1.001814739029279508e+03 1.409483426297640563e+03
3.368563499544582895e-01 4.086814652306420612e+02 6.647229220332581123e-01 9.608557976824492926e+02 1.368469262577332756e+03
3.434979685312089526e-01 4.086210008139286742e+02 6.647082166478524012e-01 9.233975254455516506e+02 1.330951351142272642e+03
3.502705363904211611e-01 4.085581453359202442e+02 6.646929271241861503e-01 8.897609439084142195e+02 1.297249903558905316e+03
3.571766353898719881e-01 4.084928049330417821e+02 6.646770303188563878e-01 8.592128043779839572e+02 1.266632083935629908e+03
3.642188982924635110e-01 4.084248821129415887e+02 6.646605021764064869e-01 8.303059830320919446e+02 1.237652215410690815e+03
3.714000097698931246e-01 4.083542756187414398e+02 6.646433176937791565e-01 8.016693496268528634e+02 1.208940778159649653e+03
3.787227074261094173e-01 4.082808802885774071e+02 6.646254508834170682e-01 7.722725039199794992e+02 1.179468781112858096e+03
3.861897828409524003e-01 4.082045869103025666e+02 6.646068747349600514e-01 7.423158059135161011e+02 1.149436425529360804e+03
3.938040826343648382e-01 4.081252820712155085e+02 6.645875611754916701e-01 7.127011158163966229e+02 1.119744314189555553e+03
4.015685095515900693e-01 4.080428480026821489e+02 6.645674810282798939e-01 6.844157125778664295e+02 1.091378127127311473e+03
4.094860235697660999e-01 4.079571624195165782e+02 6.645466039699606808e-01 6.580571621852357111e+02 1.064934222166386689e+03
4.175596430263343040e-01 4.078680983539853173e+02 6.645248984861072961e-01 6.336414633930626223e+02 1.040428210526949897e+03
4.257924457696995457e-01 4.077755239843024242e+02 6.645023318251310762e-01 6.105720916803710452e+02 1.017264236385754884e+03
4.341875703325780433e-01 4.076793024574817537e+02 6.644788699504514673e-01 5.881159749340251892e+02 9.947102882010132134e+02
4.427482171284746748e-01 4.075792917064142102e+02 6.644544774908787144e-01 5.658625781853969556e+02 9.723564677381713182e+02
4.514776496717573528e-01 4.074753442610406751e+02 6.644291176891452544e-01 5.437804395220975948e+02 9.501713103853214761e+02
4.603791958217800517e-01 4.073673070534922545e+02 6.644027523485217523e-01 5.223030694840522301e+02 9.285873682045657915e+02
4.694562490515405973e-01 4.072550212170752957e+02 6.643753417774540537e-01 5.018177039684124452e+02 9.079908745344098406e+02
4.787122697413511707e-01 4.071383218789783882e+02 6.643468447321518866e-01 4.824320737398809911e+02 8.884890419465755258e+02
4.881507864980121347e-01 4.070170379465866404e+02 6.643172183570629219e-01 4.640437090546031413e+02 8.699793160416215869e+02
4.977753974999984399e-01 4.068909918872940352e+02 6.642864181231572518e-01 4.463047430991971964e+02 8.521143564953738405e+02
5.075897718691696481e-01 4.067599995017076253e+02 6.642543977639558950e-01 4.289725706623137285e+02 8.346519328069051653e+02
5.175976510695191601e-01 4.066238696901492062e+02 6.642211092092226155e-01 4.120854900107564731e+02 8.176300655211048252e+02
5.278028503335103760e-01 4.064824042123665890e+02 6.641865025162483338e-01 3.957717333036455898e+02 8.011764394870662045e+02
5.382092601165263668e-01 4.063353974403750613e+02 6.641505257986479727e-01 3.801713714665296493e+02 7.854304792080802144e+02
5.488208475800028241e-01 4.061826361043658267e+02 6.641131251525911328e-01 3.652741328308803759e+02 7.703816321694641829e+02
5.596416581038012872e-01 4.060238990316231593e+02 6.640742445803859972e-01 3.509550348423859418e+02 7.559049722596166703e+02
5.706758168283985189e-01 4.058589568784148582e+02 6.640338259113340857e-01 3.371098647323853470e+02 7.418963184131791877e+02
5.819275302274846684e-01 4.056875718548296845e+02 6.639918087197713703e-01 3.237080637886743943e+02 7.283249357324604034e+02
5.934010877115700744e-01 4.055094974425564942e+02 6.639481302402114871e-01 3.107914748435155161e+02 7.152322432388839388e+02
6.051008632632021156e-01 4.053244781056201305e+02 6.639027252795066669e-01 2.983860184805379845e+02 7.026437572901652402e+02
6.170313171044323752e-01 4.051322489941076697e+02 6.638555261259311280e-01 2.864813462246841596e+02 6.905488286537492968e+02
6.291969973971505148e-01 4.049325356409472079e+02 6.638064624551093251e-01 2.750420514837195469e+02 6.789118344910331189e+02
6.416025419769502136e-01 4.047250536518244530e+02 6.637554612326890258e-01 2.640359230662334653e+02 6.677003371606408564e+02
6.542526801211795418e-01 4.045095083883529696e+02 6.637024466136769441e-01 2.534399368712210503e+02 6.568910494542054721e+02
6.671522343518461184e-01 4.042855946446478583e+02 6.636473398383395672e-01 2.432322967177661326e+02 6.464619034091945196e+02
6.803061222740746095e-01 4.040529963174838599e+02 6.635900591245833535e-01 2.334156024420110782e+02 6.364151133191398912e+02
6.937193584508122290e-01 4.038113860702612214e+02 6.635305195567186010e-01 2.239676065459418908e+02 6.267281421623655433e+02
7.073970563144909018e-01 4.035604249910433055e+02 6.634686329705179464e-01 2.148940142379786948e+02 6.174062660441231856e+02
7.213444301163866035e-01 4.032997622449731239e+02 6.634043078344782352e-01 2.061645539803319309e+02 6.084189425659642438e+02
7.355667969144136231e-01 4.030290347214297526e+02 6.633374491271954998e-01 1.977835709392550143e+02 5.997700668329188147e+02
7.500695786001031484e-01 4.027478666763370825e+02 6.632679582107640082e-01 1.897236438489197781e+02 5.914319173381619521e+02
7.648583039655585392e-01 4.024558693700938079e+02 6.631957327001110070e-01 1.819776118458805172e+02 5.833969194984817932e+02
7.799386108111522331e-01 4.021526407016597204e+02 6.631206663281831171e-01 1.745369590741821071e+02 5.756561367244134999e+02
7.953162480947858493e-01 4.018377648394002790e+02 6.630426488068992263e-01 1.673860405564959137e+02 5.681935330392619790e+02
8.109970781235277260e-01 4.015108118493620850e+02 6.629615656837908322e-01 1.605162707321290441e+02 5.610000792537662164e+02
8.269870787884526786e-01 4.011713373217339722e+02 6.628772981942518960e-01 1.539206621953857450e+02 5.540683195583943643e+02
8.432923458435540587e-01 4.008188819963296510e+02 6.627897231093256014e-01 1.475840643997206314e+02 5.473826754334229463e+02
8.599190952295866497e-01 4.004529713880222630e+02 6.626987125789596256e-01 1.414995852448429332e+02 5.409357600455603006e+02
8.768736654437196965e-01 4.000731154131519247e+02 6.626041339706679745e-01 1.356680113456580443e+02 5.347277917122521558e+02
8.941625199559237736e-01 3.996788080180382394e+02 6.625058497035406502e-01 1.300619436352260152e+02 5.287309963753957618e+02
9.117922496729874426e-01 3.992695268108340088e+02 6.624037170775546324e-01 1.246757007627733032e+02 5.229391502870396380e+02
9.297695754511243749e-01 3.988447326980764274e+02 6.622975880981433194e-01 1.195095849064233278e+02 5.173519454698237041e+02
9.481013506581196237e-01 3.984038695274181237e+02 6.621873092959914553e-01 1.145532490268983565e+02 5.119584918042891104e+02
9.667945637859854946e-01 3.979463637381497279e+02 6.620727215420345591e-01 1.097874930019776372e+02 5.067391141235333407e+02
9.858563411151367584e-01 3.974716240212702019e+02 6.619536598576531983e-01 1.052142609089088836e+02 5.016950831415930452e+02
1.005293949431093736e+00 3.969790409910050926e+02 6.618299532200604407e-01 1.008284979081210366e+02 4.968207102947195608e+02
1.025114798794745541e+00 3.964679868698334531e+02 6.617014243629031345e-01 9.662047103659003255e+01 4.921056571771416088e+02
1.045326445367232626e+00 3.959378151892458959e+02 6.615678895721039954e-01 9.258075764961137111e+01 4.875398803835118997e+02
1.065936594290531003e+00 3.953878605086323432e+02 6.614291584769960153e-01 8.870223005625176427e+01 4.831155942457231731e+02
1.086953102624827805e+00 3.948174381548746510e+02 6.612850338368163605e-01 8.498905931950564252e+01 4.788361674822469354e+02
1.108383982343810192e+00 3.942258439854148264e+02 6.611353113226452471e-01 8.142600885056992865e+01 4.746857561354161135e+02
1.130237403389021678e+00 3.936123541777614605e+02 6.609797792949041462e-01 7.800132371115986984e+01 4.706519542007383734e+02
1.152521696784417626e+00 3.929762250486059543e+02 6.608182185765442140e-01 7.471915958394414758e+01 4.667380567944156269e+02
1.175245357812350733e+00 3.923166929059286190e+02 6.606504022220924810e-01 7.157711709822490320e+01 4.629408550904683466e+02
1.198417049252165301e+00 3.916329739377009673e+02 6.604760952827412046e-01 6.856006998196363611e+01 4.592445654080740951e+02
1.222045604682645781e+00 3.909242641410061765e+02 6.602950545677088723e-01 6.567036845663464817e+01 4.556506325802284891e+02
1.246140031849577889e+00 3.901897392956397539e+02 6.601070284021277601e-01 6.289990728363954986e+01 4.521501685701204565e+02
1.270709516099716607e+00 3.894285549864834479e+02 6.599117563817535892e-01 6.023948581079745423e+01 4.487331966321907544e+02
1.295763423882434928e+00 3.886398466791840178e+02 6.597089691248341214e-01 5.768803393158857062e+01 4.453977330427722450e+02
1.321311306320440249e+00 3.878227298539122785e+02 6.594983880215128380e-01 5.524468556048469026e+01 4.421419694473427171e+02
1.347362902850876454e+00 3.869763002022152136e+02 6.592797249811966909e-01 5.290521508625737823e+01 4.389607705249331957e+02
1.373928144938218354e+00 3.860996338922196855e+02 6.590526821783623257e-01 5.065945553430736936e+01 4.358431500567074863e+02
1.401017159860384220e+00 3.851917879076748363e+02 6.588169517973306855e-01 4.850655193093723483e+01 4.327872594304931795e+02
1.428640274569469071e+00 3.842518004665625426e+02 6.585722157765988571e-01 4.644392573546540604e+01 4.297895359321001365e+02
1.456808019628625717e+00 3.832786915252165727e+02 6.583181455533797521e-01 4.446663963924062557e+01 4.268440870923805051e+02
1.485531133226553724e+00 3.822714633741103967e+02 6.580544018090628278e-01 4.257594759734404022e+01 4.239510706964361475e+02
1.514820565271142838e+00 3.812291013316675503e+02 6.577806342163865505e-01 4.076021256403524973e+01 4.210980061180791267e+02
1.544687481563824738e+00 3.801505745426284761e+02 6.574964811891796934e-01 3.902147811143183276e+01 4.182857967199889231e+02
1.575143268056245160e+00 3.790348368876610152e+02 6.572015696356162673e-01 3.735780224605227318e+01 4.155114243780121228e+02
1.606199535190829142e+00 3.778808280110368401e+02 6.568955147160049357e-01 3.576083745274294756e+01 4.127656067376212832e+02
1.637868122326961551e+00 3.766874744732877502e+02 6.565779196062315748e-01 3.423549347374735419e+01 4.100519911689501669e+02
1.670161102254416274e+00 3.754536910358233399e+02 6.562483752680593474e-01 3.276983701015929995e+01 4.073577884475021733e+02
1.703090785795778439e+00 3.741783820845055857e+02 6.559064602275952449e-01 3.137000099213510396e+01 4.046878088766524115e+02
1.736669726499624256e+00 3.728604431991482784e+02 6.555517403633344120e-01 3.002694433831419829e+01 4.020320792933562188e+02
1.770910725426200427e+00 3.714987628758279925e+02 6.551837687052991521e-01 2.874023059764303767e+01 3.993890000201057546e+02
1.805826836027494720e+00 3.700922244087402078e+02 6.548020852469097486e-01 2.750832770348162626e+01 3.967558987196174485e+02
1.841431369123507800e+00 3.686397079381280832e+02 6.544062167713364797e-01 2.632821705792952116e+01 3.941286600620836111e+02
1.877737897976637260e+00 3.671400926705144343e+02 6.539956766942069954e-01 2.519942767920543503e+01 3.915056377322531489e+02
1.914760263466131596e+00 3.655922592770968436e+02 6.535699649246732301e-01 2.411708517360227688e+01 3.888809293172736261e+02
1.952512579364527490e+00 3.639950924757013695e+02 6.531285677469680362e-01 2.308278464789666273e+01 3.862548925328097766e+02
1.991009237718156966e+00 3.623474838011217685e+02 6.526709577247229443e-01 2.209118381196718417e+01 3.836211952540408561e+02
2.030264914333721471e+00 3.606483345680052253e+02 6.521965936304471301e-01 2.114305293042903955e+01 3.809794145265120733e+02
2.070294574373046093e+00 3.588965590296573964e+02 6.517049204027193232e-01 2.023559682618457600e+01 3.783257052541563894e+02
2.111113478058133985e+00 3.570910877352334865e+02 6.511953691337748484e-01 1.936579582249248332e+01 3.756560322081184040e+02
2.152737186488733023e+00 3.552308710867464470e+02 6.506673570903196424e-01 1.853152291969708543e+01 3.729672455329160812e+02
2.195181567574555626e+00 3.533148830961588942e+02 6.501202877705438699e-01 1.773398964901457120e+01 3.702594154516862091e+02
2.238462802084505210e+00 3.513421253415062324e+02 6.495535510004447621e-01 1.697061720409941543e+01 3.675290095138823290e+02
2.282597389815152145e+00 3.493116311195595358e+02 6.489665230727128531e-01 1.623906254113088110e+01 3.647727614812433785e+02
2.327602155880828416e+00 3.472224697909264250e+02 6.483585669315616862e-01 1.553947454601496148e+01 3.619898186865095795e+02
2.373494257127765739e+00 3.450737513117524031e+02 6.477290324070132943e-01 1.486995770423355268e+01 3.591774220003342748e+02
2.420291188674648541e+00 3.428646309442843290e+02 6.470772565022707701e-01 1.422791550542486227e+01 3.563322011239533822e+02
2.468010790582172209e+00 3.405943141365272595e+02 6.464025637379139377e-01 1.361418922437099965e+01 3.534540965984152763e+02
2.516671254654078815e+00 3.382620615590511761e+02 6.457042665567533923e-01 1.302571207056840485e+01 3.505394072700642027e+02
2.566291131372286483e+00 3.358671942846966090e+02 6.449816657932591069e-01 1.246233276133869516e+01 3.475872528390114553e+02
2.616889336968755142e+00 3.334090990945122712e+02 6.442340512115372064e-01 1.192319712693421430e+01 3.445961541379381288e+02
2.668485160636805631e+00 3.308872338907210633e+02 6.434607021158733620e-01 1.140741841706375048e+01 3.415646735910510756e+02
2.721098271884569986e+00 3.283011331949121541e+02 6.426608880378738009e-01 1.091362608223104225e+01 3.384910000335222549e+02
2.774748728033479939e+00 3.256504137069637181e+02 6.418338695042177244e-01 1.044036198888261779e+01 3.353733293512895557e+02
2.829456981864570952e+00 3.229347798974986290e+02 6.409788988889962846e-01 9.987469868114812854e+00 3.322111623664948752e+02
2.885243889415543883e+00 3.201540296039455598e+02 6.400952213545145764e-01 9.554004582978990356e+00 3.290033580454709750e+02
2.942130717931587203e+00 3.173080595975778806e+02 6.391820758843205219e-01 9.138878381993642108e+00 3.257487461437418119e+02
3.000139153972902761e+00 3.143968710862711191e+02 6.382386964120410067e-01 8.741280068776095646e+00 3.224465210935350683e+02
3.059291311682140524e+00 3.114205751151786217e+02 6.372643130493818031e-01 8.360579307680040984e+00 3.190961562541740477e+02
3.119609741214812271e+00 3.083793978251467820e+02 6.362581534163684882e-01 7.996283360680594754e+00 3.156973673402030158e+02
3.181117437335917231e+00 3.052736855264977294e+02 6.352194440765592809e-01 7.647484020780073166e+00 3.122496111882518335e+02
3.243837848186100548e+00 3.021039095438597997e+02 6.341474120795446145e-01 7.313714793360349020e+00 3.087528764049520760e+02
3.307794884220580656e+00 2.988706707860835650e+02 6.330412866125709748e-01 6.994029197506779205e+00 3.052068464737596400e+02
3.373012927324388954e+00 2.955747039939653291e+02 6.319003007625574320e-01 6.687858427523868166e+00 3.016116861785717447e+02
3.439516840107293305e+00 2.922168816176113637e+02 6.307236933891361419e-01 6.395142492978590276e+00 2.979681577033076110e+02
3.507331975381996703e+00 2.887982172748046992e+02 6.295107111086054585e-01 6.114625057405441488e+00 2.942760879969695225e+02
3.576484185829199802e+00 2.853198687417862516e+02 6.282606103878778381e-01 5.845969213980537482e+00 2.905362807589643239e+02
3.646999833853263429e+00 2.817831404284244172e+02 6.269726597465761220e-01 5.589115309930228648e+00 2.867499324496907320e+02
3.718905801632117036e+00 2.781894852909068732e+02 6.256461420644277016e-01 5.342960616867763690e+00 2.829174607514435706e+02
3.792229501365389943e+00 2.745405061368253428e+02 6.242803569899969540e-01 5.107541335290738616e+00 2.790404482710368939e+02
3.866998885724558299e+00 2.708379562799095766e+02 6.228746234455915243e-01 4.881912292580271817e+00 2.751197618907366973e+02
3.943242458509138793e+00 2.670837395046658003e+02 6.214282822218771818e-01 4.666095315305761382e+00 2.711572734019661652e+02
4.020989285513018707e+00 2.632799093048255372e+02 6.199406986543500864e-01 4.459544465009936509e+00 2.671545059160316100e+02
4.100269005604952000e+00 2.594286673637789136e+02 6.184112653723349284e-01 4.261880921535160738e+00 2.631132796414039490e+02
4.181111842027610770e+00 2.555323612500303625e+02 6.168394051096264263e-01 4.072513044259154391e+00 2.590353795192426105e+02
4.263548613919363461e+00 2.515934813061595889e+02 6.152245735642722924e-01 3.891386831218595965e+00 2.549231992893569725e+02
4.347610748063238439e+00 2.476146567157173592e+02 6.135662622933241162e-01 3.717990373332972442e+00 2.507788784018010233e+02
4.433330290867522727e+00 2.435986507388993800e+02 6.118640016266723158e-01 3.552189483037524464e+00 2.466050151969928095e+02
4.520739920582619753e+00 2.395483551146398327e+02 6.101173635823573527e-01 3.393578916176794635e+00 2.424041066686588977e+02
4.609872959758697597e+00 2.354667836338806524e+02 6.083259647640362200e-01 3.241722720409739189e+00 2.381787498242114225e+02
4.700763387949036698e+00 2.313570648960934477e+02 6.064894692195945680e-01 3.096522610580470403e+00 2.339319418685265930e+02
4.793445854663807459e+00 2.272224342686052694e+02 6.046075912382861128e-01 2.957427947514953193e+00 2.296664109789400072e+02
4.887955692579245337e+00 2.230662250757781351e+02 6.026800980622606385e-01 2.824437936720002540e+00 2.253854423419915065e+02
4.984328931007314445e+00 2.188918590525357217e+02 6.007068124869661130e-01 2.697137913480331051e+00 2.210920682068919234e+02
5.082602309630846804e+00 2.147028361040473783e+02 5.986876153237163933e-01 2.575299149185160008e+00 2.167895549187672373e+02
5.182813292509588443e+00 2.105027234204358706e+02 5.966224476967371126e-01 2.458787172610239047e+00 2.124813134520572646e+02
5.285000082362347307e+00 2.062951440021602139e+02 5.945113131463028999e-01 2.347383181492915583e+00 2.081707427507837451e+02
5.389201635130731027e+00 2.020837646581107379e+02 5.923542795091931712e-01 2.240710292965308437e+00 2.038611617649036987e+02
5.495457674830086958e+00 1.978722835444153247e+02 5.901514805476658632e-01 2.138721807831370114e+00 1.995561862656475967e+02
5.603808708693140517e+00 1.936644173174491641e+02 5.879031172985549336e-01 2.041126893573981693e+00 1.952592577224346542e+02
5.714296042612323490e+00 1.894638879794942738e+02 5.856094591149283435e-01 1.947845323882180457e+00 1.909739901515611677e+02
5.826961796886510392e+00 1.852744094999380593e+02 5.832708443741048132e-01 1.858718267067091423e+00 1.867039280731234214e+02
5.941848922278245126e+00 1.810996742987522623e+02 5.808876808277053660e-01 1.773419726382267969e+00 1.824524679813266914e+02
6.059001216387535749e+00 1.769433396822891780e+02 5.784604455718600491e-01 1.691876861621669947e+00 1.782231682070551528e+02
6.178463340348555377e+00 1.728090143241136616e+02 5.759896846187189112e-01 1.613886500135115476e+00 1.740194399212239773e+02
6.300280835855414097e+00 1.687002448856880790e+02 5.734760120540328687e-01 1.539368400012713245e+00 1.698447263915351471e+02
6.424500142523739576e+00 1.646205028731571929e+02 5.709201087697676202e-01 1.468154126353621747e+00 1.657023304024483252e+02
6.551168615594511913e+00 1.605731718272811861e+02 5.683227207654728552e-01 1.400024583331712202e+00 1.615954318996202232e+02
6.680334543986950813e+00 1.565615349436307042e+02 5.656846570174096644e-01 1.334957701128258734e+00 1.575272566725092531e+02
6.812047168707409561e+00 1.525887632194604464e+02 5.630067869201823560e-01 1.272815475243913808e+00 1.535008337135256511e+02
6.946356701621091645e+00 1.486579042221517284e+02 5.602900373117439825e-01 1.213423316060613821e+00 1.495190443656821628e+02
7.083314344594016099e+00 1.447718715716245015e+02 5.575353890990552008e-01 1.156658548949814458e+00 1.455846754162870411e+02
7.222972309012329006e+00 1.409334352256332181e+02 5.547438735082466099e-01 1.102411688841405057e+00 1.417003807858202435e+02
7.365383835686458269e+00 1.371452126522069079e+02 5.519165679897389820e-01 1.050682617359377735e+00 1.378687385968726744e+02
7.510603215147792611e+00 1.334096609675981995e+02 5.490545918152278659e-01 1.001276776167185689e+00 1.340920324963255439e+02
7.658685808345383705e+00 1.297290701108724136e+02 5.461591014096179864e-01 9.540548376301658529e-01 1.303724202327621242e+02
7.809688067750862217e+00 1.261055571175867414e+02 5.432312854666494495e-01 9.089886506183452175e-01 1.267119634209840910e+02
7.963667558879401476e+00 1.225410615448834193e+02 5.402723599019758627e-01 8.659551283277343581e-01 1.231124830582761973e+02
8.120682982235004843e+00 1.190373420887166276e+02 5.372835627015930537e-01 8.248982050880548922e-01 1.195756653744475955e+02
8.280794195688466530e+00 1.155959744209390863e+02 5.342661487266306963e-01 7.856966770389188781e-01 1.161029720534815368e+02
8.444062237296622087e+00 1.122183502597240903e+02 5.312213845374258447e-01 7.482959479436108730e-01 1.126957258312124281e+02
8.610549348571362671e+00 1.089056776715225112e+02 5.281505433003857997e-01 7.125990851883473587e-01 1.093550397515926704e+02
8.780318998207578218e+00 1.056589825867230275e+02 5.250548998402748690e-01 6.785577462971985607e-01 1.060818769953026361e+02
8.953435906278864209e+00 1.024791114948093735e+02 5.219357258982035841e-01 6.460772245445111084e-01 1.028769933921166455e+02
9.129966068910277954e+00 9.936673526847509663e+01 5.187942856517150370e-01 6.150842684764028512e-01 9.974098430087487088e+01
9.309976783437637238e+00 9.632235405034310816e+01 5.156318315479918590e-01 5.855247532223064599e-01 9.667428737997346389e+01
9.493536674062704961e+00 9.334630312111038108e+01 5.124496004944667504e-01 5.573406243714640329e-01 9.367717413063888898e+01
9.680715718014365478e+00 9.043875965451184129e+01 5.092488104431260876e-01 5.304704785642099241e-01 9.074975720268241730e+01
9.871585272225535945e+00 8.759975025290708572e+01 5.060306573958025522e-01 5.048519767611353570e-01 8.789199951143324085e+01
1.006621810053605692e+01 8.482915914783075095e+01 5.027963128479966404e-01 4.804592962266997502e-01 8.510374393238221558e+01
1.026468840143190953e+01 8.212673694279989434e+01 4.995469216785773936e-01 4.571612459602701906e-01 8.238464070697536101e+01
1.046707183633146698e+01 7.949210977121633448e+01 4.962836004824245917e-01 4.350455908994820264e-01 7.973434110423117716e+01
1.067344555842922382e+01 7.692478874047941417e+01 4.930074363330880782e-01 4.139593783766520874e-01 7.715224629479506291e+01
1.088388824210844774e+01 7.442417953447755963e+01 4.897194859531771582e-01 3.938306169996974582e-01 7.463770021488042516e+01
1.109848011293362902e+01 7.198959205049298760e+01 4.864207752618884273e-01 3.746181063382101328e-01 7.218996943075687511e+01
1.131730297823428089e+01 6.962024995313907993e+01 4.831122992620990320e-01 3.563529362862536409e-01 6.980827349473049992e+01
1.154044025829185394e+01 6.731530003711479537e+01 4.797950222241155194e-01 3.389230403205241160e-01 6.749167960262622046e+01
1.176797701814132324e+01 6.507382130205056114e+01 4.764698781196720079e-01 3.223356690378758049e-01 6.523925156718792095e+01
1.200000000000000178e+01 6.289483365614018595e+01 4.731377712582248707e-01 3.065635146443513870e-01 6.304997637744057215e+01
