1.000000000000000048e-04 2.564002498034263340e+02 6.464930979746885686e-01 5.698400000000000318e+02 8.262402498034264227e+02
1.019716471361305476e-04 2.564002498006088331e+02 6.464930979737227856e-01 5.806157348430105003e+02 8.370159846418846428e+02
1.039821681965551214e-04 2.564002497976785548e+02 6.464930979727182558e-01 5.915957243743907839e+02 8.479959741684633627e+02
1.060323296378889427e-04 2.564002497946316339e+02 6.464930979716738690e-01 6.027934385459934674e+02 8.591936883350033440e+02
1.081229130285668875e-04 2.564002497914635796e+02 6.464930979705879599e-01 6.141730615973174281e+02 8.705733113809898214e+02
1.102547153467954490e-04 2.564002497881695035e+02 6.464930979694587521e-01 6.257672875709287155e+02 8.821675373489738377e+02
1.124285492843794300e-04 2.564002497847438349e+02 6.464930979682844692e-01 6.376171566358985956e+02 8.940174064080101743e+02
1.146452435565379046e-04 2.564002497811820263e+02 6.464930979670635569e-01 6.496608400131312919e+02 9.060610897789886167e+02
1.169056432178302825e-04 2.564002497774783933e+02 6.464930979657940169e-01 6.619528523314733093e+02 9.183531020907372522e+02
1.192106099843096370e-04 2.564002497736270811e+02 6.464930979644737397e-01 6.744738187755548324e+02 9.308740685278680758e+02
1.215610225620289159e-04 2.564002497696225760e+02 6.464930979631011709e-01 6.872210809974460517e+02 9.436213307424338836e+02
1.239577769820241631e-04 2.564002497654587387e+02 6.464930979616739792e-01 7.001995458500661016e+02 9.565997955873333467e+02
1.264017869419013437e-04 2.564002497611286913e+02 6.464930979601896111e-01 7.134599027960620106e+02 9.698601525251890507e+02
1.288939841541590604e-04 2.564002497566264651e+02 6.464930979586464010e-01 7.269477976269531609e+02 9.833480473475024155e+02
1.314353187013790939e-04 2.564002497519450685e+02 6.464930979570416847e-01 7.406893763353211853e+02 9.970896260468300625e+02
1.340267593984187486e-04 2.564002497470768276e+02 6.464930979553729085e-01 7.546635963131277549e+02 1.011063846015109561e+03
1.366692941617462739e-04 2.564002497420152622e+02 6.464930979536380740e-01 7.689379448753327324e+02 1.025338194567273149e+03
1.393639303860561886e-04 2.564002497367517890e+02 6.464930979518336285e-01 7.834881354269720077e+02 1.039888385108327839e+03
1.421116953283116878e-04 2.564002497312787909e+02 6.464930979499576846e-01 7.982908878767202623e+02 1.054691137546923528e+03
1.449136364993589292e-04 2.564002497255877984e+02 6.464930979480068007e-01 8.133634113879330698e+02 1.069763661046383277e+03
1.477708220632611622e-04 2.564002497196700574e+02 6.464930979459784233e-01 8.287343235134194401e+02 1.085134573159482898e+03
1.506843412445078802e-04 2.564002497135170984e+02 6.464930979438692216e-01 8.443846638240339644e+02 1.100784913457044922e+03
1.536553047432524073e-04 2.564002497071188031e+02 6.464930979416759760e-01 8.603364108505202239e+02 1.116736660469774279e+03
1.566848451587352390e-04 2.564002497004659062e+02 6.464930979393953558e-01 8.765988839394671004e+02 1.132999133544222786e+03
1.597741174210580439e-04 2.564002496935476643e+02 6.464930979370240305e-01 8.931508168034830533e+02 1.149551066392961275e+03
1.629242992314681906e-04 2.564002496863543570e+02 6.464930979345582251e-01 9.100331925072850936e+02 1.166433442080660825e+03
1.661365915113260548e-04 2.564002496788743883e+02 6.464930979319942761e-01 9.272379761957448636e+02 1.183638225752149992e+03
1.694122188599240229e-04 2.564002496710967876e+02 6.464930979293281865e-01 9.447546748518294635e+02 1.201154924390351198e+03
1.727524300213309375e-04 2.564002496630091059e+02 6.464930979265560707e-01 9.625874004884253736e+02 1.218987650008102037e+03
1.761584983604422587e-04 2.564002496545997474e+02 6.464930979236733766e-01 9.807656031382269930e+02 1.237165852638041088e+03
1.796317223484165167e-04 2.564002496458549558e+02 6.464930979206757744e-01 9.992944187994771710e+02 1.255694668278355266e+03
1.831734260576808513e-04 2.564002496367626236e+02 6.464930979175591563e-01 1.018131290959387115e+03 1.274531540416208827e+03
1.867849596666993305e-04 2.564002496273079146e+02 6.464930979143181933e-01 1.037360423759038895e+03 1.293760673192606646e+03
1.904676999746904244e-04 2.564002496174763905e+02 6.464930979109480003e-01 1.056955373233337923e+03 1.313355622642394792e+03
1.942230509264949415e-04 2.564002496072540112e+02 6.464930979074440254e-01 1.076933799022620406e+03 1.333334048405841259e+03
1.980524441477925668e-04 2.564002495966241213e+02 6.464930979038001624e-01 1.097219753366717441e+03 1.353620002722719619e+03
2.019573394908690694e-04 2.564002495855709185e+02 6.464930979000115263e-01 1.117971559852899645e+03 1.374371809180194759e+03
2.059392255911460321e-04 2.564002495740777476e+02 6.464930978960717889e-01 1.139134467577373016e+03 1.395534716874401965e+03
2.099996204346833044e-04 2.564002495621268736e+02 6.464930978919752880e-01 1.160564032485119469e+03 1.416964281750277905e+03
2.141400719368687674e-04 2.564002495496999359e+02 6.464930978877154732e-01 1.182443668369049647e+03 1.438843917600599980e+03
2.183621585325197067e-04 2.564002495367782331e+02 6.464930978832861275e-01 1.204818654080558645e+03 1.461218903276657784e+03
2.226674897776190025e-04 2.564002495233420973e+02 6.464930978786805893e-01 1.227518779495460194e+03 1.483919028654215026e+03
2.270577069629129796e-04 2.564002495093704397e+02 6.464930978738911982e-01 1.250640633660673984e+03 1.507040882780059519e+03
2.315344837396109590e-04 2.564002494948427966e+02 6.464930978689114038e-01 1.274243683333025047e+03 1.530643932410892376e+03
2.360995267574176367e-04 2.564002494797366012e+02 6.464930978637333236e-01 1.298336391219704183e+03 1.554736640253783207e+03
2.407545763151478185e-04 2.564002494640289456e+02 6.464930978583491861e-01 1.322834982287255571e+03 1.579235231275184105e+03
2.455014070241686754e-04 2.564002494476956144e+02 6.464930978527503314e-01 1.347789326451482339e+03 1.604189575390751543e+03
2.503418284849206490e-04 2.564002494307116535e+02 6.464930978469284328e-01 1.373123046399987288e+03 1.629523295287985093e+03
2.552776859767804133e-04 2.564002494130517107e+02 6.464930978408749418e-01 1.399010344572457370e+03 1.655410593406364114e+03
2.603108611615219544e-04 2.564002493946885579e+02 6.464930978345803103e-01 1.425396583651304582e+03 1.681796832428168273e+03
2.654432728006498807e-04 2.564002493755941714e+02 6.464930978280353235e-01 1.452237562367033433e+03 1.708637811083764063e+03
2.706768774868748505e-04 2.564002493557389357e+02 6.464930978212291013e-01 1.479655751882875848e+03 1.736056000536156716e+03
2.760136703900124117e-04 2.564002493350936334e+02 6.464930978141522067e-01 1.507494712778571056e+03 1.763894961364986102e+03
2.814556860175856283e-04 2.564002493136256930e+02 6.464930978067934264e-01 1.535938500056296107e+03 1.792338748572150962e+03
2.870049989904279700e-04 2.564002492913031688e+02 6.464930977991416583e-01 1.564810571681068268e+03 1.821210820122563064e+03
2.926637248335742648e-04 2.564002492680918408e+02 6.464930977911851340e-01 1.594281343900627235e+03 1.850681592263663333e+03
2.984340207827481176e-04 2.564002492439558409e+02 6.464930977829118630e-01 1.624286259191078443e+03 1.880686507471372806e+03
3.043180866067503993e-04 2.564002492188589599e+02 6.464930977743090779e-01 1.654893169155405758e+03 1.911293417348401817e+03
3.103181654460593786e-04 2.564002491927627716e+02 6.464930977653637889e-01 1.686052037288934798e+03 1.942452285389860663e+03
3.164365446679694898e-04 2.564002491656270308e+02 6.464930977560621184e-01 1.717767355093914603e+03 1.974167603097736674e+03
3.226755567385859746e-04 2.564002491374108104e+02 6.464930977463900774e-01 1.750084898460274871e+03 2.006485146361658053e+03
3.290375801120152969e-04 2.564002491080711366e+02 6.464930977363330111e-01 1.783017613973899643e+03 2.039417861767208933e+03
3.355250401370871052e-04 2.564002490775631031e+02 6.464930977258753764e-01 1.816525244224025982e+03 2.072925491903351940e+03
3.421404099819505161e-04 2.564002490458400416e+02 6.464930977150012970e-01 1.850702121836410697e+03 2.107102369395448477e+03
3.488862115769049421e-04 2.564002490128538625e+02 6.464930977036940085e-01 1.885507592494396476e+03 2.141907839926530414e+03
3.557650165758153931e-04 2.564002489785540888e+02 6.464930976919367467e-01 1.920923329821969901e+03 2.177323577120244408e+03
3.627794473364868402e-04 2.564002489428882541e+02 6.464930976797111928e-01 1.957004867352264000e+03 2.213405114509295345e+03
3.699321779203665447e-04 2.564002489058024139e+02 6.464930976669988061e-01 1.993736299428605207e+03 2.250136546436623576e+03
3.772259351119588077e-04 2.564002488672396112e+02 6.464930976537801577e-01 2.031211413008465797e+03 2.287611659859186148e+03
3.846634994583350824e-04 2.564002488271410130e+02 6.464930976400350415e-01 2.069339666917646809e+03 2.325739913602424167e+03
3.922477063291448856e-04 2.564002487854457968e+02 6.464930976257426964e-01 2.108155726183549632e+03 2.364555972693233343e+03
3.999814469975212367e-04 2.564002487420904117e+02 6.464930976108811400e-01 2.147720962253844391e+03 2.404121208578718324e+03
4.078676697423010231e-04 2.564002486970081804e+02 6.464930975954277237e-01 2.187982001859363208e+03 2.444382247989241478e+03
4.159093809719774945e-04 2.564002486501308908e+02 6.464930975793590218e-01 2.229007371938545930e+03 2.485407617862607367e+03
4.241096463708093488e-04 2.564002486013866360e+02 6.464930975626502763e-01 2.270777567701421958e+03 2.527177813408276506e+03
4.324715920675328319e-04 2.564002485507017468e+02 6.464930975452765072e-01 2.313319490147865508e+03 2.569719735625472367e+03
4.409984058271105320e-04 2.564002484979981773e+02 6.464930975272107361e-01 2.356676700766068279e+03 2.613076946001663600e+03
4.496933382659821523e-04 2.564002484431960625e+02 6.464930975084254294e-01 2.400826102365589122e+03 2.657226347345741942e+03
4.585597040912727917e-04 2.564002483862112740e+02 6.464930974888920545e-01 2.445771015266497670e+03 2.702171259977041245e+03
4.676008833644371360e-04 2.564002483269575237e+02 6.464930974685809684e-01 2.491464973264034597e+03 2.747865217690101417e+03
4.768203227898127066e-04 2.564002482653442030e+02 6.464930974474608627e-01 2.538050487274937495e+03 2.794450731400622772e+03
4.862215370285865364e-04 2.564002482012771793e+02 6.464930974254997631e-01 2.585537135633895559e+03 2.841937379442401834e+03
4.958081100386606179e-04 2.564002481346591935e+02 6.464930974026643629e-01 2.633858316278571237e+03 2.890258559752297060e+03
5.055836964409403866e-04 2.564002480653880980e+02 6.464930973789193569e-01 2.683072503210200466e+03 2.939472746330471637e+03
5.155520229125611304e-04 2.564002479933585619e+02 6.464930973542289960e-01 2.733060883604894116e+03 2.989461126352244719e+03
5.257168896075791907e-04 2.564002479184609911e+02 6.464930973285553106e-01 2.784129330113005835e+03 3.040529572466307400e+03
5.360821716056817128e-04 2.564002478405805050e+02 6.464930973018592208e-01 2.836008610481868800e+03 3.092408852419370760e+03
5.466518203894515709e-04 2.564002477595988125e+02 6.464930972741002035e-01 2.888905693915814481e+03 3.145305935414143732e+03
5.574298653507651306e-04 2.564002476753923361e+02 6.464930972452357372e-01 2.942708550394415397e+03 3.199108791429157918e+03
5.684204153268898867e-04 2.564002475878325527e+02 6.464930972152216349e-01 2.997563686427650737e+03 3.253963926972714944e+03
5.796276601668633264e-04 2.564002474967859939e+02 6.464930971840125995e-01 3.053373321247720924e+03 3.309773561275815155e+03
5.910558723287638551e-04 2.564002474021137914e+02 6.464930971515605584e-01 3.110103434618461961e+03 3.366503674100883472e+03
6.027094085084653283e-04 2.564002473036715628e+02 6.464930971178162178e-01 3.167931651245015928e+03 3.424331890151032439e+03
6.145927113005118314e-04 2.564002472013092415e+02 6.464930970827282852e-01 3.226751597193864654e+03 3.483151835491337806e+03
6.267103108917349312e-04 2.564002470948707924e+02 6.464930970462431370e-01 3.286666705532172273e+03 3.543066943186909612e+03
6.390668267882666309e-04 2.564002469841937000e+02 6.464930970083049289e-01 3.347691880684209536e+03 3.604092117660084114e+03
6.516669695765972504e-04 2.564002468691090257e+02 6.464930969688558182e-01 3.409768594448733893e+03 3.666168830707809320e+03
6.645155427193630109e-04 2.564002467494417488e+02 6.464930969278359640e-01 3.472966225908650358e+03 3.729366461410691045e+03
6.776174443865317374e-04 2.564002466250091743e+02 6.464930968851827497e-01 3.537235145698623000e+03 3.793635380401344264e+03
6.909776693226991071e-04 2.564002464956211611e+02 6.464930968408306722e-01 3.602686406333975810e+03 3.859086640192386767e+03
7.046013107512016926e-04 2.564002463610809173e+02 6.464930967947128959e-01 3.669344416271000682e+03 3.925744649237546582e+03
7.184935623157654100e-04 2.564002462211829538e+02 6.464930967467581446e-01 3.737142887438772959e+03 3.993543119463511630e+03
7.326597200604465778e-04 2.564002460757142785e+02 6.464930966968940318e-01 3.806102463681953395e+03 4.062502694712133689e+03
7.471051844486004600e-04 2.564002459244526335e+02 6.464930966450441741e-01 3.876322444539110620e+03 4.132722674518674467e+03
7.618354624216640975e-04 2.564002457671675757e+02 6.464930965911295235e-01 3.947792063474642873e+03 4.204192292344480848e+03
7.768561694985270071e-04 2.564002456036188846e+02 6.464930965350679237e-01 4.020476469069458290e+03 4.276876696767360954e+03
7.921730319162982375e-04 2.564002454335576999e+02 6.464930964767738875e-01 4.094451226599167967e+03 4.350851453059162850e+03
8.077918888132737179e-04 2.564002452567243608e+02 6.464930964161585969e-01 4.169770014752876705e+03 4.426170239905097333e+03
8.237186944549554314e-04 2.564002450728490885e+02 6.464930963531294594e-01 4.246394396654485718e+03 4.502794620425392168e+03
8.399595205039485759e-04 2.564002448816515312e+02 6.464930962875903298e-01 4.324302813583972238e+03 4.580703035896091023e+03
8.565205583346196866e-04 2.564002446828402526e+02 6.464930962194410657e-01 4.403565570138163821e+03 4.659965790909387579e+03
8.734081213933937065e-04 2.564002444761121637e+02 6.464930961485783056e-01 4.484216731526733383e+03 4.740616950670249935e+03
8.906286476055772080e-04 2.564002442611518404e+02 6.464930960748936917e-01 4.566233018828990680e+03 4.822633236253332143e+03
9.081887018296509132e-04 2.564002440376311256e+02 6.464930959982748693e-01 4.649723674078320073e+03 4.906123889686326947e+03
9.260949783599363872e-04 2.564002438052095272e+02 6.464930959186048209e-01 4.734682693315828146e+03 4.991082907005004017e+03
9.443543034786180002e-04 2.564002435635327402e+02 6.464930958357620883e-01 4.820992052757444981e+03 5.077392264420413085e+03
9.629736380580797847e-04 2.564002433122317370e+02 6.464930957496205499e-01 4.908769204075251764e+03 5.165169413597964194e+03
9.819600802145431618e-04 2.564002430509237342e+02 6.464930956600486445e-01 4.998136224601931644e+03 5.254536431863190046e+03
1.001320868014038456e-03 2.564002427792097478e+02 6.464930955669099255e-01 5.088928535863420620e+03 5.345328740736538748e+03
1.021063382231714818e-03 2.564002424966758440e+02 6.464930954700622845e-01 5.181218765572908524e+03 5.437618967923704986e+03
1.041195149165564200e-03 2.564002422028906381e+02 6.464930953693577287e-01 5.275385074217098918e+03 5.531785273900978609e+03
1.061723843505616143e-03 2.564002418974068291e+02 6.464930952646431583e-01 5.370762863353136709e+03 5.627163060222958848e+03
1.082657291259708733e-03 2.564002415797577896e+02 6.464930951557588124e-01 5.467794789781219151e+03 5.724194983678086828e+03
1.104003472736939323e-03 2.564002412494596115e+02 6.464930950425382683e-01 5.566645141259356933e+03 5.823045332014108681e+03
1.125770525589939088e-03 2.564002409060084346e+02 6.464930949248092196e-01 5.666888542914037316e+03 5.923288730352108360e+03
1.147966747917134956e-03 2.564002405488804470e+02 6.464930948023920321e-01 5.769052096068953688e+03 6.025452280001161853e+03
1.170600601426172909e-03 2.564002401775308044e+02 6.464930946750997443e-01 5.872659953130680151e+03 6.129060133362132547e+03
1.193680714659719122e-03 2.564002397913938012e+02 6.464930945427387332e-01 5.978183013211173602e+03 6.234583189531434982e+03
1.217215886284848904e-03 2.564002393898798005e+02 6.464930944051068273e-01 6.085416361579933437e+03 6.341816533769123453e+03
1.241215088447310396e-03 2.564002389723771103e+02 6.464930942619943055e-01 6.193980379739457021e+03 6.450380547569990085e+03
1.265687470191902055e-03 2.564002385382486864e+02 6.464930941131825648e-01 6.304552156165804263e+03 6.560952319389820332e+03
1.290642360950303765e-03 2.564002380868324167e+02 6.464930939584448977e-01 6.417067517721290642e+03 6.673467676077939359e+03
1.316089274097666977e-03 2.564002376174400979e+02 6.464930937975454928e-01 6.531386318936650241e+03 6.787786472152461101e+03
1.342037910579333641e-03 2.564002371293559577e+02 6.464930936302387687e-01 6.647325803035826539e+03 6.903725950824791653e+03
1.368498162609057189e-03 2.564002366218351199e+02 6.464930934562693743e-01 6.765185569557235794e+03 7.021585711613655803e+03
1.395480117440138067e-03 2.564002360941041161e+02 6.464930932753725212e-01 6.885136189779096640e+03 7.141536325777991806e+03
1.422994061210917753e-03 2.564002355453581004e+02 6.464930930872719861e-01 7.006821825136562438e+03 7.263221954740320143e+03
1.451050482866089080e-03 2.564002349747598828e+02 6.464930928916807762e-01 7.130337590736329730e+03 7.386737713587506732e+03
1.479660078155326875e-03 2.564002343814395317e+02 6.464930926883012408e-01 7.255630511255497368e+03 7.512030626978059445e+03
1.508833753710742045e-03 2.564002337644924410e+02 6.464930924768224063e-01 7.383143503715942643e+03 7.639543611905902253e+03
1.538582631204750938e-03 2.564002331229772835e+02 6.464930922569220861e-01 7.512503142556117382e+03 7.768903242793721802e+03
1.568918051589901497e-03 2.564002324559157273e+02 6.464930920282651039e-01 7.643731647762130706e+03 7.900131739604435097e+03
1.599851579422308968e-03 2.564002317622907867e+02 6.464930917905026275e-01 7.777042691369373642e+03 8.033442774345303405e+03
1.631395007270326812e-03 2.564002310410448899e+02 6.464930915432721692e-01 7.912321886938974785e+03 8.168721960553942154e+03
1.663560360210147209e-03 2.564002302910773778e+02 6.464930912861963641e-01 8.049693584510748224e+03 8.306093648240688708e+03
1.696359900410033573e-03 2.564002295112450156e+02 6.464930910188835256e-01 8.189098161915097990e+03 8.445498215208623151e+03
1.729806131804935204e-03 2.564002287003582978e+02 6.464930907409256466e-01 8.330470943073412855e+03 8.586870985350586125e+03
1.763911804863277756e-03 2.564002278571808233e+02 6.464930904518990662e-01 8.474070088629690872e+03 8.730470119273179080e+03
1.798689921447731502e-03 2.564002269804266234e+02 6.464930901513631367e-01 8.619785422044278675e+03 8.876185440405659392e+03
1.834153739771822835e-03 2.564002260687584567e+02 6.464930898388592251e-01 8.767517038561389199e+03 9.023917043959510920e+03
1.870316779454265360e-03 2.564002251207863878e+02 6.464930895139109346e-01 8.917256376096784152e+03 9.173656367813924589e+03
1.907192826672944553e-03 2.564002241350644340e+02 6.464930891760226617e-01 9.069085701247442557e+03 9.325485678524946707e+03
1.944795939420529028e-03 2.564002231100892573e+02 6.464930888246790408e-01 9.223175742610414090e+03 9.479575704643793870e+03
1.983140452863694884e-03 2.564002220442976636e+02 6.464930884593443894e-01 9.379290531092630772e+03 9.635690477040625410e+03
2.022240984808028330e-03 2.564002209360648408e+02 6.464930880794614865e-01 9.537736523779611161e+03 9.794136452746375653e+03
2.062112441270652023e-03 2.564002197837000381e+02 6.464930876844507956e-01 9.698444058135293744e+03 9.954843969178513362e+03
2.102770022162756772e-03 2.564002185854463391e+02 6.464930872737104650e-01 9.861019024349692700e+03 1.011741891648912315e+04
2.144229227084140654e-03 2.564002173394762281e+02 6.464930868466136626e-01 1.002581821436851169e+04 1.028221808655950917e+04
2.186505861232019340e-03 2.564002160438893725e+02 6.464930864025091317e-01 1.019309349984407709e+04 1.044949335097670337e+04
2.229616041426324847e-03 2.564002146967100657e+02 6.464930859407195252e-01 1.036234391182158106e+04 1.061874374074425941e+04
2.273576202253812031e-03 2.564002132958840434e+02 6.464930854605408506e-01 1.053368968993285489e+04 1.079008949542810478e+04
2.318403102333295180e-03 2.564002118392744478e+02 6.464930849612405828e-01 1.070684707537458416e+04 1.096324685617137220e+04
2.364113830704411227e-03 2.564002103246603497e+02 6.464930844420571088e-01 1.088281758798745432e+04 1.113921734270583329e+04
2.410725813342361190e-03 2.564002087497319167e+02 6.464930839021990616e-01 1.106093776683820579e+04 1.131733749405169328e+04
2.458256819801083164e-03 2.564002071120870596e+02 6.464930833408429889e-01 1.124162562591922142e+04 1.149802532410642743e+04
2.506724969987425122e-03 2.564002054092284766e+02 6.464930827571329086e-01 1.142366046102022483e+04 1.168006012863504293e+04
2.556148741068848922e-03 2.564002036385595034e+02 6.464930821501781999e-01 1.160817460356880110e+04 1.186457423893005762e+04
2.606546974517370396e-03 2.564002017973789407e+02 6.464930815190536029e-01 1.179470557141387508e+04 1.205110517277370309e+04
2.657938883292339325e-03 2.564001998828799742e+02 6.464930808627966652e-01 1.198423689246365939e+04 1.224063645792998068e+04
2.710344059164873469e-03 2.564001978921423870e+02 6.464930801804066318e-01 1.217551090495931567e+04 1.243191043260618790e+04
2.763782480186679266e-03 2.564001958221301720e+02 6.464930794708424466e-01 1.236897314583112529e+04 1.262537263360680117e+04
2.818274518306154892e-03 2.564001936696868711e+02 6.464930787330225304e-01 1.256402868803633282e+04 1.282042813381608539e+04
2.873840947134635379e-03 2.564001914315295494e+02 6.464930779658211168e-01 1.276198267137422772e+04 1.301838207284275268e+04
2.930502949865762628e-03 2.564001891042448733e+02 6.464930771680683641e-01 1.296176296774022921e+04 1.321816232252628652e+04
2.988282127351012205e-03 2.564001866842841082e+02 6.464930763385479118e-01 1.316366273797064969e+04 1.342006204356013404e+04
3.047200506334426552e-03 2.564001841679564109e+02 6.464930754759947718e-01 1.336749265824620124e+04 1.362389191200633286e+04
3.107280547849721776e-03 2.564001815514242253e+02 6.464930745790929967e-01 1.357382647482428911e+04 1.383022567394372709e+04
3.168545155782942577e-03 2.564001788306975413e+02 6.464930736464752359e-01 1.378152409812328187e+04 1.403792323972758641e+04
3.231017685603940030e-03 2.564001760016271305e+02 6.464930726767190716e-01 1.399167060793858582e+04 1.424806968892202894e+04
3.294721953270021968e-03 2.564001730598981226e+02 6.464930716683454648e-01 1.420415856202846953e+04 1.446055757913028356e+04
3.359682244305131366e-03 2.564001700010246623e+02 6.464930706198167565e-01 1.441844684225902711e+04 1.467484579209309777e+04
3.425923323058059893e-03 2.564001668203418944e+02 6.464930695295341145e-01 1.463377239232549437e+04 1.489017127139842341e+04
3.493470442143159580e-03 2.564001635129988586e+02 6.464930683958343138e-01 1.485152556092051418e+04 1.510792436543648364e+04
3.562349352067242358e-03 2.564001600739521791e+02 6.464930672169887371e-01 1.507137346789306321e+04 1.532777219388899721e+04
3.632586311046241429e-03 2.564001564979570276e+02 6.464930659911997113e-01 1.529329943257656123e+04 1.554969807588570984e+04
3.704208095015455206e-03 2.564001527795596758e+02 6.464930647165976207e-01 1.551702516018317147e+04 1.577342371645188905e+04
3.777242007837139457e-03 2.564001489130894811e+02 6.464930633912386870e-01 1.574209156247187275e+04 1.599849002717264193e+04
3.851715891709376824e-03 2.564001448926500188e+02 6.464930620131017491e-01 1.596881928177223381e+04 1.622521765011362186e+04
3.927658137780149807e-03 2.564001407121102147e+02 6.464930605800852659e-01 1.619740971182592511e+04 1.645380797874944983e+04
4.005097696970691228e-03 2.564001363650944540e+02 6.464930590900035412e-01 1.642782464646758672e+04 1.668422280666071674e+04
4.084064091012243845e-03 2.564001318449732025e+02 6.464930575405840596e-01 1.665967140343836218e+04 1.691606945136666036e+04
4.164587423700419344e-03 2.564001271448533998e+02 6.464930559294645995e-01 1.689289186676379904e+04 1.714928979662178244e+04
4.246698392371461850e-03 2.564001222575670909e+02 6.464930542541873493e-01 1.712761779484144063e+04 1.738401560051431079e+04
4.330428299604751480e-03 2.564001171756607960e+02 6.464930525121977967e-01 1.736374282032205883e+04 1.762014049540213819e+04
4.415809065156095503e-03 2.564001118913848245e+02 6.464930507008392890e-01 1.760131651862245417e+04 1.785771405637358475e+04
4.502873238126238464e-03 2.564001063966802576e+02 6.464930488173494805e-01 1.783991963832700276e+04 1.809631703173897040e+04
4.591654009369343543e-03 2.564001006831676364e+02 6.464930468588561130e-01 1.807981911307522023e+04 1.833621635474884170e+04
4.682185224146093346e-03 2.564000947421333194e+02 6.464930448223721315e-01 1.832100266344771444e+04 1.857739974561726558e+04
4.774501395026292498e-03 2.564000885645176595e+02 6.464930427047920203e-01 1.856270435204949899e+04 1.881910126669396050e+04
4.868637715045841426e-03 2.564000821408988600e+02 6.464930405028862515e-01 1.880580154444186701e+04 1.906219828299483561e+04
4.964630071123114601e-03 2.564000754614812649e+02 6.464930382132968445e-01 1.904919757295369345e+04 1.930559412662504474e+04
5.062515057739890197e-03 2.564000685160783632e+02 6.464930358325324811e-01 1.929368002502897434e+04 1.955007638445419798e+04
5.162329990891991079e-03 2.564000612940981227e+02 6.464930333569618437e-01 1.953940200109720536e+04 1.979579815642020912e+04
5.264112922315016506e-03 2.564000537845269037e+02 6.464930307828099521e-01 1.978494782401603152e+04 2.004134376518822683e+04
5.367902653990518774e-03 2.564000459759124055e+02 6.464930281061511685e-01 2.003192110508419137e+04 2.028831682123521023e+04
5.473738752938198462e-03 2.564000378563461595e+02 6.464930253229033141e-01 2.027897193556993807e+04 2.053536741559438815e+04
5.581661566299772614e-03 2.564000294134455089e+02 6.464930224288217842e-01 2.052600067798971213e+04 2.078239591027716597e+04
5.691712236720216159e-03 2.564000206343350214e+02 6.464930194194932200e-01 2.077308184573357721e+04 2.102947681810549693e+04
5.803932718032302381e-03 2.564000115056261961e+02 6.464930162903281818e-01 2.102011424135074776e+04 2.127650894107660861e+04
5.918365791250324026e-03 2.564000020133972839e+02 6.464930130365545979e-01 2.126715212882913693e+04 2.152354654256292633e+04
6.035055080879241779e-03 2.563999921431727671e+02 6.464930096532104375e-01 2.151318113520565021e+04 2.176957524924793324e+04
6.154045071545298680e-03 2.563999818798998831e+02 6.464930061351359392e-01 2.175916536529462974e+04 2.201555916504550987e+04
6.275381124954604838e-03 2.563999712079268534e+02 6.464930024769656169e-01 2.200503571936141816e+04 2.226142918955439382e+04
6.399109497186043251e-03 2.563999601109790660e+02 6.464929986731211553e-01 2.224999750822456190e+04 2.250639063312116923e+04
6.525277356325163286e-03 2.563999485721329279e+02 6.464929947178011949e-01 2.249412472242110380e+04 2.275051748553951620e+04
6.653932800445723147e-03 2.563999365737915355e+02 6.464929906049738939e-01 2.273733232811352354e+04 2.299372471224571927e+04
6.785124875945762989e-03 2.563999240976569922e+02 6.464929863283669365e-01 2.297953726232033659e+04 2.323592924950236556e+04
6.918903596245229090e-03 2.563999111247030100e+02 6.464929818814585394e-01 2.321982534310055416e+04 2.347621691488090073e+04
7.055319960852225042e-03 2.563998976351456349e+02 6.464929772574669053e-01 2.345912404000567039e+04 2.371551517677385345e+04
7.194425974805207860e-03 2.563998836084126083e+02 6.464929724493403418e-01 2.369674483830535246e+04 2.395313551982988429e+04
7.336274668498486869e-03 2.563998690231128421e+02 6.464929674497460477e-01 2.393233010348038079e+04 2.418872030877868383e+04
7.480920117898608689e-03 2.563998538570036771e+02 6.464929622510600105e-01 2.416603833564652450e+04 2.442242804275307935e+04
7.628417465159371275e-03 2.563998380869560947e+02 6.464929568453534614e-01 2.439787320107156484e+04 2.465426238705640935e+04
7.778822939643260242e-03 2.563998216889206674e+02 6.464929512243828835e-01 2.462718507344430691e+04 2.488357371466884433e+04
7.932193879357403443e-03 2.563998046378898721e+02 6.464929453795762448e-01 2.485427185332648878e+04 2.511065992500088760e+04
8.088588752812068614e-03 2.563997869078605731e+02 6.464929393020195647e-01 2.507812049374551498e+04 2.533450797050857727e+04
8.248067181310264964e-03 2.563997684717938910e+02 6.464929329824447013e-01 2.529946251049312923e+04 2.555584936555697641e+04
8.410689961676692111e-03 2.563997493015747864e+02 6.464929264112140306e-01 2.551766272478990868e+04 2.577404893056468063e+04
8.576519089434912063e-03 2.563997293679678933e+02 6.464929195783062355e-01 2.573201378573736656e+04 2.598839931387858815e+04
8.745617782441435228e-03 2.563997086405742607e+02 6.464929124733008736e-01 2.594259762703186789e+04 2.619898244800485554e+04
8.918050504985857233e-03 2.563996870877842298e+02 6.464929050853627235e-01 2.614942315402373788e+04 2.640580723709698213e+04
9.093882992366087922e-03 2.563996646767294010e+02 6.464928974032247977e-01 2.635239635199238182e+04 2.660877966525590455e+04
9.273182275948137210e-03 2.563996413732322708e+02 6.464928894151716898e-01 2.655106758741550220e+04 2.680745009797340754e+04
9.456016708720033428e-03 2.563996171417547316e+02 6.464928811090212557e-01 2.674504056505880726e+04 2.700142223899246164e+04
9.642455991349529673e-03 2.563995919453435022e+02 6.464928724721065167e-01 2.693424077860051693e+04 2.719062158074037143e+04
9.832571198755621356e-03 2.563995657455736250e+02 6.464928634912556760e-01 2.711863879679464662e+04 2.737501869065080245e+04
1.002643480720387392e-02 2.563995385024897473e+02 6.464928541527730221e-01 2.729763225568042617e+04 2.755401120383244779e+04
1.022412072193610612e-02 2.563995101745461511e+02 6.464928444424168363e-01 2.747076100300918188e+04 2.772713896701996782e+04
1.042570430534468968e-02 2.563994807185422360e+02 6.464928343453788528e-01 2.763836344427575023e+04 2.789474038405390456e+04
1.063126240570244629e-02 2.563994500895572060e+02 6.464928238462603893e-01 2.779952575076240100e+04 2.805590162553860500e+04
1.084087338645900282e-02 2.563994182408812321e+02 6.464928129290501424e-01 2.795412156658112872e+04 2.821049633429226378e+04
1.105461715611466035e-02 2.563993851239453647e+02 6.464928015770992076e-01 2.810247622499484351e+04 2.835884984184895438e+04
1.127257519868338047e-02 2.563993506882455335e+02 6.464927897730955442e-01 2.824418120626986638e+04 2.850055362736027746e+04
1.149483060475638488e-02 2.563993148812668892e+02 6.464927774990374409e-01 2.837804301128590669e+04 2.863441419139021673e+04
1.172146810317810893e-02 2.563992776484037677e+02 6.464927647362068708e-01 2.850332160294003188e+04 2.875969149620306416e+04
1.195257409334687763e-02 2.563992389328760737e+02 6.464927514651401808e-01 2.862231543873398550e+04 2.887868399550499817e+04
1.218823667815223215e-02 2.563991986756419692e+02 6.464927376655985602e-01 2.873304507269974056e+04 2.898941224388902265e+04
1.242854569756182172e-02 2.563991568153091976e+02 6.464927233165373988e-01 2.883523973065398604e+04 2.909160546606229036e+04
1.267359276287047601e-02 2.563991132880407804e+02 6.464927083960739784e-01 2.892917711032392981e+04 2.918554135801052689e+04
1.292347129162446130e-02 2.563990680274574174e+02 6.464926928814540563e-01 2.901441670784179223e+04 2.927077941495444247e+04
1.317827654323441497e-02 2.563990209645368736e+02 6.464926767490180026e-01 2.908984785111543533e+04 2.934620896483328033e+04
1.343810565529046132e-02 2.563989720275083073e+02 6.464926599741629420e-01 2.915488161142533500e+04 2.941124107847070627e+04
1.370305768059318016e-02 2.563989211417428464e+02 6.464926425313072267e-01 2.920948569655631582e+04 2.946584346254176126e+04
1.397323362491491305e-02 2.563988682296399588e+02 6.464926243938495798e-01 2.925240173103341658e+04 2.950875774227997681e+04
1.424873648550537865e-02 2.563988132105092177e+02 6.464926055341304600e-01 2.928383534587295071e+04 2.954018954749279146e+04
1.452967129035661990e-02 2.563987560004467809e+02 6.464925859233882077e-01 2.930567627912446551e+04 2.956202861234406373e+04
1.481614513824211846e-02 2.563986965122078914e+02 6.464925655317161901e-01 2.931890097550050268e+04 2.957525137873192216e+04
1.510826723954521514e-02 2.563986346550736926e+02 6.464925443280163941e-01 2.932445445399242089e+04 2.958080286265213363e+04
1.540614895789264339e-02 2.563985703347132130e+02 6.464925222799529081e-01 2.932240050041281575e+04 2.957874684824386350e+04
1.570990385260893907e-02 2.563985034530385860e+02 6.464924993539021836e-01 2.931357359446766350e+04 2.956991781209334658e+04
1.601964772200776752e-02 2.563984339080567452e+02 6.464924755149014102e-01 2.929478741458439254e+04 2.955112943700586766e+04
1.633549864753692030e-02 2.563983615937129912e+02 6.464924507265954468e-01 2.926395706456536936e+04 2.952029682992352900e+04
1.665757703879372845e-02 2.563982863997294999e+02 6.464924249511824206e-01 2.921850948210937713e+04 2.947484693341737511e+04
1.698600567942782844e-02 2.563982082114375203e+02 6.464923981493537752e-01 2.915630063254114793e+04 2.941263571770650742e+04
1.732090977394923695e-02 2.563981269096020696e+02 6.464923702802365391e-01 2.907749613143696115e+04 2.933382879896031227e+04
1.766241699545906610e-02 2.563980423702401481e+02 6.464923413013301534e-01 2.898329512346203046e+04 2.923962532017546982e+04
1.801065753432145103e-02 2.563979544644321891e+02 6.464923111684408585e-01 2.887459255158415544e+04 2.913092022317606825e+04
1.836576414779518204e-02 2.563978630581249831e+02 6.464922798356160794e-01 2.875284542331809280e+04 2.900917051278752842e+04
1.872787221064367569e-02 2.563977680119274964e+02 6.464922472550727051e-01 2.861945192058620887e+04 2.887577436803183446e+04
1.909711976674300163e-02 2.563976691808982196e+02 6.464922133771252577e-01 2.847458969996934684e+04 2.873090944554824091e+04
1.947364758170741159e-02 2.563975664143241033e+02 6.464921781501093978e-01 2.831654808810579561e+04 2.857286507751634417e+04
1.985759919655228495e-02 2.563974595554912526e+02 6.464921415203036537e-01 2.814375755122010014e+04 2.840007173625807627e+04
2.024912098241539102e-02 2.563973484414455584e+02 6.464921034318472648e-01 2.795497198647155165e+04 2.821128332503610727e+04
2.064836219635679537e-02 2.563972329027439514e+02 6.464920638266553610e-01 2.774945200725874747e+04 2.800576046266841877e+04
2.105547503825910480e-02 2.563971127631969580e+02 6.464920226443294782e-01 2.752737741323242517e+04 2.778368295193207086e+04
2.147061470884962381e-02 2.563969878395993760e+02 6.464919798220669644e-01 2.729006443739242968e+04 2.754636702536665689e+04
2.189393946886628028e-02 2.563968579414506621e+02 6.464919352945630582e-01 2.703913676708527419e+04 2.729543636849371978e+04
2.232561069939031917e-02 2.563967228706653714e+02 6.464918889939139657e-01 2.677601218561134738e+04 2.703230876308591542e+04
2.276579296336850300e-02 2.563965824212710913e+02 6.464918408495110569e-01 2.650248950104519463e+04 2.675878301379865297e+04
2.321465406834814435e-02 2.563964363790933589e+02 6.464917907879339509e-01 2.621960170765869043e+04 2.647589211388364856e+04
2.367236513044934654e-02 2.563962845214299477e+02 6.464917387328392717e-01 2.592740267385789411e+04 2.618368993455889722e+04
2.413910063959821828e-02 2.563961266167117969e+02 6.464916846048430754e-01 2.562602561811190026e+04 2.588230969709070268e+04
2.461503852604650378e-02 2.563959624241488768e+02 6.464916283214009463e-01 2.531641114658774313e+04 2.557269200707283744e+04
2.510036022820272966e-02 2.563957916933636625e+02 6.464915697966806540e-01 2.499790484922319592e+04 2.525418246114510112e+04
2.559525076180054273e-02 2.563956141640098281e+02 6.464915089414329241e-01 2.467057877475878558e+04 2.492685311207682753e+04
2.609989879043098787e-02 2.563954295653742861e+02 6.464914456628539918e-01 2.433517623725471276e+04 2.459144727493273240e+04
2.661449669746549299e-02 2.563952376159659252e+02 6.464913798644456033e-01 2.399080072558287793e+04 2.424706844819266189e+04
2.713924065939660527e-02 2.563950380230851351e+02 6.464913114458656906e-01 2.363795823568251581e+04 2.389422263090219349e+04
2.767433072062517457e-02 2.563948304823783246e+02 6.464912403027776033e-01 2.327609153968345345e+04 2.353235260453255978e+04
2.821997086972168056e-02 2.563946146773740793e+02 6.464911663266893482e-01 2.290594941152399406e+04 2.316220714565186790e+04
2.877636911719139504e-02 2.563943902790000493e+02 6.464910894047891654e-01 2.252941713266169245e+04 2.278567153122554373e+04
2.934373757477285252e-02 2.563941569450825000e+02 6.464910094197733326e-01 2.214523386020338876e+04 2.240148493298419271e+04
2.992229253629952873e-02 2.563939143198235229e+02 6.464909262496668640e-01 2.175647164246698230e+04 2.201271938664318805e+04
3.051225456015605256e-02 2.563936620332593748e+02 6.464908397676381036e-01 2.136336834924804862e+04 2.161961276661056763e+04
3.111384855336023214e-02 2.563933997006965910e+02 6.464907498418045462e-01 2.096790904646903800e+04 2.122415013101747172e+04
3.172730385730255370e-02 2.563931269221250773e+02 6.464906563350329982e-01 2.056999209256050381e+04 2.082622984454135440e+04
3.235285433517647025e-02 2.563928432816091458e+02 6.464905591047289679e-01 2.017269623335909273e+04 2.042893063488141706e+04
3.299073846113246417e-02 2.563925483466532000e+02 6.464904580026205050e-01 1.977637337122357712e+04 2.003260440518787436e+04
3.364119941118966922e-02 2.563922416675425779e+02 6.464903528745318262e-01 1.938271459863652490e+04 1.963894223721677190e+04
3.430448515594035352e-02 2.563919227766580207e+02 6.464902435601470598e-01 1.899218052514516603e+04 1.924840473867092078e+04
3.498084855508178798e-02 2.563915911877635381e+02 6.464901298927683282e-01 1.860674880302273232e+04 1.886296954558700236e+04
3.567054745381218611e-02 2.563912463952647727e+02 6.464900116990586199e-01 1.822660090333858898e+04 1.848281812721113965e+04
3.637384478112735964e-02 2.563908878734389418e+02 6.464898887987795550e-01 1.785276804095345506e+04 1.810898168785994130e+04
3.709100865005503234e-02 2.563905150756334024e+02 6.464897610045166054e-01 1.748531852948353480e+04 1.774152853888640311e+04
3.782231245986573953e-02 2.563901274334327809e+02 6.464896281213916573e-01 1.712607398894832295e+04 1.738228027898269283e+04
3.856803500029903214e-02 2.563897243557928505e+02 6.464894899467678036e-01 1.677494983058977232e+04 1.703115231607586611e+04
3.932846055784421091e-02 2.563893052281397900e+02 6.464893462699390358e-01 1.643279530762479408e+04 1.668899388903078943e+04
4.010387902411718247e-02 2.563888694114338591e+02 6.464891968718096127e-01 1.609945433144464914e+04 1.635564890508294593e+04
4.089458600637345398e-02 2.563884162411958982e+02 6.464890415245603261e-01 1.577601201215890433e+04 1.603220245442208943e+04
4.170088294020051628e-02 2.563879450264945490e+02 6.464888799913007800e-01 1.546290747046502474e+04 1.571909364358003404e+04
4.252307720443213035e-02 2.563874550488935711e+02 6.464887120257074571e-01 1.516050574257216431e+04 1.541668749401998139e+04
4.336148223832790582e-02 2.563869455613581181e+02 6.464885373716504624e-01 1.487028692070317993e+04 1.512646406592261701e+04
4.421641766106360755e-02 2.563864157871155385e+02 6.464883557628003929e-01 1.459335774657340517e+04 1.484953007023488863e+04
4.508820939357749413e-02 2.563858649184730325e+02 6.464881669222239946e-01 1.432968524455060106e+04 1.458585251421883368e+04
4.597718978281846447e-02 2.563852921155867080e+02 6.464879705619618333e-01 1.407991375851817429e+04 1.433607571261844168e+04
4.688369772844470929e-02 2.563846965051829443e+02 6.464877663825886467e-01 1.384407039852398157e+04 1.410022675343590890e+04
4.780807881201969145e-02 2.563840771792271767e+02 6.464875540727572645e-01 1.362051404280293900e+04 1.387666451974550910e+04
4.875068542875586608e-02 2.563834331935420892e+02 6.464873333087242102e-01 1.340835079357839459e+04 1.366449510799684322e+04
4.971187692185594781e-02 2.563827635663690785e+02 6.464871037538563181e-01 1.320630739877899396e+04 1.346244526829719507e+04
5.069201971950246244e-02 2.563820672768732720e+02 6.464868650581165888e-01 1.301283286824411880e+04 1.326896402020294408e+04
5.169148747454871407e-02 2.563813432635886898e+02 6.464866168575320593e-01 1.282798291957822039e+04 1.308410706212704645e+04
5.271066120696393797e-02 2.563805904228024133e+02 6.464863587736379147e-01 1.265091671368721290e+04 1.290703355302866476e+04
5.374992944908651982e-02 2.563798076068734986e+02 6.464860904129009489e-01 1.247981645153721547e+04 1.273592571453598975e+04
5.480968839374156937e-02 2.563789936224861776e+02 6.464858113661200445e-01 1.231377611512627300e+04 1.256987753374854765e+04
5.589034204527885963e-02 2.563781472288324039e+02 6.464855212078024493e-01 1.215261642619728082e+04 1.240870972273724510e+04
5.699230237358810652e-02 2.563772671357240256e+02 6.464852194955144071e-01 1.199435949364707631e+04 1.225044442437277576e+04
5.811598947115182573e-02 2.563763520016274242e+02 6.464849057692082512e-01 1.183838756343053137e+04 1.209446389091740639e+04
5.926183171319372028e-02 2.563754004316228361e+02 6.464845795505198556e-01 1.168265918906449224e+04 1.193872672173678075e+04
6.043026592098535432e-02 2.563744109752800000e+02 6.464842403420407724e-01 1.152498902539423398e+04 1.178104762968868090e+04
6.162173752837253604e-02 2.563733821244523483e+02 6.464838876265597278e-01 1.136480367260680214e+04 1.162085323672625418e+04
6.283670075158458157e-02 2.563723123109803623e+02 6.464835208662738086e-01 1.119877206934475362e+04 1.145481258829198487e+04
6.407561876239205312e-02 2.563711999043064793e+02 6.464831395019703386e-01 1.102543089963802231e+04 1.128146243433160453e+04
6.533896386467868966e-02 2.563700432089937635e+02 6.464827429521732283e-01 1.084144132654841451e+04 1.109746407302581611e+04
6.662721767449393540e-02 2.563688404621466930e+02 6.464823306122580160e-01 1.064514125967804102e+04 1.090115551278287057e+04
6.794087130365655813e-02 2.563675898307294005e+02 6.464819018535297168e-01 1.043764146016914674e+04 1.069364753001813915e+04
6.928042554697724786e-02 2.563662894087772770e+02 6.464814560222659212e-01 1.022153943075481584e+04 1.047753758752720023e+04
7.064639107317322031e-02 2.563649372144990934e+02 6.464809924387198148e-01 9.996746865509690906e+03 1.025273742952168504e+04
7.203928861954701779e-02 2.563635311872619127e+02 6.464805103960847843e-01 9.763068047989099796e+03 1.001905139819546093e+04
7.345964919050314290e-02 2.563620691844586190e+02 6.464800091594180564e-01 9.515769893742035492e+03 9.771746656744966458e+03
7.490801425997917207e-02 2.563605489782503923e+02 6.464794879645201497e-01 9.251890659297603634e+03 9.507861669699419508e+03
7.638493597786831513e-02 2.563589682521795794e+02 6.464789460167715829e-01 8.974538776440613219e+03 9.230504837466498429e+03
7.789097738051103947e-02 2.563573245976491535e+02 6.464783824899220654e-01 8.688749444425588081e+03 8.944711226656818326e+03
7.942671260533797073e-02 2.563556155102610319e+02 6.464777965248313940e-01 8.398827330318295935e+03 8.654785377115777010e+03
8.099272710974377010e-02 2.563538383860121144e+02 6.464771872281620535e-01 8.107067339194942178e+03 8.363022138808100863e+03
8.258961789427697597e-02 2.563519905173365032e+02 6.464765536710171956e-01 7.815173765759403977e+03 8.071125767617848396e+03
8.421799373023065860e-02 2.563500690889926545e+02 6.464758948875264366e-01 7.525427513579843435e+03 7.781377086937666718e+03
8.587847539171936107e-02 2.563480711737873889e+02 6.464752098733757002e-01 7.240748212087059073e+03 7.496695593922981061e+03
8.757169589233268492e-02 2.563459937281301109e+02 6.464744975842756647e-01 6.963777910235598938e+03 7.219723197057709513e+03
8.929830072645481009e-02 2.563438335874124050e+02 6.464737569343739221e-01 6.697162960467891025e+03 6.953106083942074292e+03
9.105894811534111233e-02 2.563415874612021526e+02 6.464729867946003017e-01 6.443385701756320486e+03 6.699326412316983806e+03
9.285430925804784297e-02 2.563392519282501780e+02 6.464721859909472457e-01 6.204882493003323361e+03 6.460820335222437279e+03
9.468506858730794951e-02 2.563368234312976028e+02 6.464713533026834602e-01 5.983573765699082287e+03 6.239508083175607680e+03
9.655192403045276262e-02 2.563342982716786764e+02 6.464704874604951801e-01 5.781365824878264903e+03 6.037295734089800135e+03
9.845558727547812361e-02 2.563316726037101034e+02 6.464695871445532704e-01 5.599271298398524777e+03 5.855195724202324527e+03
1.003967840423556079e-01 2.563289424288576015e+02 6.464686509825046112e-01 5.437334283643265735e+03 5.693252010682947912e+03
1.023762543596937885e-01 2.563261035896741191e+02 6.464676775473834347e-01 5.295464404404809102e+03 5.551374075640180308e+03
1.043947528468544134e-01 2.563231517634959573e+02 6.464666653554391740e-01 5.171798431835154588e+03 5.427698682303780515e+03
1.064530490016299819e-01 2.563200824558914519e+02 6.464656128638786026e-01 5.064248907245429109e+03 5.320138394281146248e+03
1.085519274935941719e-01 2.563168909938515867e+02 6.464645184685178236e-01 4.970256924228813659e+03 5.226134384858640260e+03
1.106921884632361269e-01 2.563135725187099183e+02 6.464633805013418888e-01 4.886406594705520547e+03 5.142270948753970515e+03
1.128746478269916365e-01 2.563101219787850482e+02 6.464621972279662732e-01 4.808911556337010552e+03 5.064761981508051576e+03
1.151001375882899636e-01 2.563065341217316586e+02 6.464609668449989854e-01 4.733864988911225737e+03 4.989700982355807355e+03
1.173695061547318091e-01 2.563028034865910740e+02 6.464596874772970958e-01 4.657791316788752738e+03 4.913612707236408824e+03
1.196836186615220371e-01 2.562989243955274787e+02 6.464583571751144619e-01 4.577268823519826583e+03 4.833075820911975825e+03
1.220433573012793399e-01 2.562948909452396720e+02 6.464569739111365454e-01 4.488944358165726953e+03 4.744737606073133065e+03
1.244496216603475924e-01 2.562906969980339227e+02 6.464555355773971002e-01 4.390460708174369756e+03 4.646241232862857032e+03
1.269033290617390120e-01 2.562863361725459299e+02 6.464540399820739580e-01 4.280139811874583756e+03 4.535908992891808339e+03
1.294054149148391175e-01 2.562818018340974504e+02 6.464524848461560280e-01 4.157736004219680581e+03 4.413495438952363656e+03
1.319568330720052585e-01 2.562770870846744629e+02 6.464508677999784014e-01 4.023285781722879165e+03 4.279037268417470841e+03
1.345585561921980311e-01 2.562721847525108956e+02 6.464491863796220095e-01 3.878307200041773740e+03 4.134052552034175278e+03
1.372115761117801147e-01 2.562670873812632522e+02 6.464474380231675088e-01 3.725419311716062566e+03 3.981160186338745461e+03
1.399169042226274806e-01 2.562617872187610146e+02 6.464456200668031727e-01 3.567310340283832375e+03 3.823048186216513386e+03
1.426755718576954435e-01 2.562562762053147480e+02 6.464437297407774619e-01 3.408204505543913911e+03 3.663940279323272080e+03
1.454886306841855770e-01 2.562505459615672976e+02 6.464417641651922786e-01 3.251826732733479730e+03 3.507560886401990501e+03
1.483571531044657332e-01 2.562445877758665347e+02 6.464397203456273555e-01 3.103084846082527747e+03 3.358817043317650132e+03
1.512822326648947391e-01 2.562383925911466918e+02 6.464375951685936705e-01 2.965906597166503616e+03 3.221635752851792859e+03
1.542649844727063402e-01 2.562319509912941840e+02 6.464353853968070052e-01 2.843222251879136820e+03 3.098946595404862364e+03
1.573065456211147073e-01 2.562252531869809786e+02 6.464330876642710999e-01 2.736715055183892218e+03 2.992432264284476787e+03
1.604080756227993232e-01 2.562182890009449352e+02 6.464306984711712945e-01 2.646655978235238763e+03 2.902363381507003851e+03
1.635707568519381983e-01 2.562110478526947190e+02 6.464282141785617775e-01 2.571395878615914626e+03 2.827090807877031239e+03
1.667957949949565033e-01 2.562035187426187690e+02 6.464256310028447805e-01 2.508527261007209745e+03 2.764207235391291306e+03
1.700844195101607614e-01 2.561956902354745012e+02 6.464229450100320573e-01 2.454965163548581586e+03 2.710628090972941209e+03
1.734378840964369284e-01 2.561875504432343291e+02 6.464201521097773240e-01 2.406871503234366628e+03 2.662515934442610614e+03
1.768574671711897472e-01 2.561790870072648545e+02 6.464172480491749972e-01 2.360675085333288735e+03 2.616300271530180908e+03
1.803444723577035391e-01 2.561702870798130220e+02 6.464142284063132404e-01 2.312074842144986633e+03 2.567681035896364392e+03
1.839002289821137781e-01 2.561611373047733196e+02 6.464110885835719911e-01 2.257587156780311034e+03 2.513175568387830026e+03
1.875260925801771617e-01 2.561516237977090782e+02 6.464078238006569777e-01 2.194254317724261455e+03 2.449827123635817770e+03
1.912234454140315509e-01 2.561417321250993950e+02 6.464044290873589560e-01 2.121731091719369033e+03 2.377290857434489681e+03
1.949936969991474811e-01 2.561314472827829718e+02 6.464008992760261751e-01 2.041277340817447794e+03 2.296826601856134857e+03
1.988382846416662519e-01 2.561207536735685721e+02 6.463972289937419680e-01 1.955714223186877916e+03 2.211254990999830625e+03
2.027586739863345699e-01 2.561096350839806632e+02 6.463934126541919234e-01 1.868379969313652737e+03 2.123913463067374323e+03
2.067563595752424099e-01 2.560980746601084661e+02 6.463894444492119806e-01 1.782519727736346795e+03 2.038046258345130354e+03
2.108328654175754546e-01 2.560860548825248770e+02 6.463853183400034563e-01 1.701922746033648536e+03 1.957441378550842273e+03
2.149897455706028526e-01 2.560735575402401878e+02 6.463810280480012382e-01 1.629227141649289024e+03 1.884735893343698990e+03
2.192285847321200076e-01 2.560605637036567828e+02 6.463765670453844869e-01 1.566243914590461372e+03 1.821739895593585970e+03
2.235509988445701646e-01 2.560470536964846247e+02 6.463719285452120822e-01 1.513259409026668209e+03 1.768739268435839676e+03
2.279586357110803818e-01 2.560330070665834228e+02 6.463671054911719338e-01 1.468783452620065873e+03 1.724244024673378362e+03
2.324531756236401514e-01 2.560184025556892493e+02 6.463620905469262823e-01 1.430385815595463328e+03 1.685824560981653576e+03
2.370363320036679433e-01 2.560032180679854719e+02 6.463568760850396666e-01 1.394921929845792192e+03 1.650337364741927104e+03
2.417098520552071750e-01 2.559874306374772175e+02 6.463514541754714626e-01 1.359146490254602668e+03 1.614538420078179342e+03
2.464755174309990471e-01 2.559710163941248027e+02 6.463458165736185590e-01 1.320370551651346887e+03 1.575740033785747528e+03
2.513351449116900671e-01 2.559539505286924452e+02 6.463399547078862994e-01 1.277133738298555727e+03 1.532482697782118521e+03
2.562905870984309442e-01 2.559362072562646233e+02 6.463338596667762559e-01 1.229571172844028297e+03 1.484901741090588757e+03
2.613437331191290625e-01 2.559177597783847204e+02 6.463275221854654085e-01 1.179178938536986834e+03 1.434492767718982577e+03
2.664965093486290626e-01 2.558985802437651387e+02 6.463209326318628545e-01 1.128205518104097109e+03 1.383503281333728410e+03
2.717508801430891796e-01 2.558786397075192838e+02 6.463140809921188445e-01 1.079138502962574194e+03 1.334419588350072672e+03
2.771088485888397179e-01 2.558579080888636668e+02 6.463069568555700473e-01 1.034256103412645871e+03 1.289518522164053138e+03
2.825724572660058831e-01 2.558363541272356940e+02 6.462995493990953966e-01 9.947005264934964543e+02 1.249941378358820657e+03
2.881437890271848490e-01 2.558139453367736849e+02 6.462918473708636480e-01 9.604871563354297450e+02 1.215703203460274835e+03
2.938249677914770985e-01 2.557906479591006246e+02 6.462838390734451099e-01 9.303509435937738772e+02 1.185539411239302581e+03
2.996181593541742405e-01 2.557664269143555202e+02 6.462755123462684548e-01 9.024510532481995142e+02 1.157610119198178154e+03
3.055255722124076145e-01 2.557412457504117071e+02 6.462668545473935211e-01 8.747066032771315349e+02 1.129835740428156896e+03
3.115494584070800377e-01 2.557150665902198341e+02 6.462578525345756830e-01 8.455859727823157073e+02 1.100685768912676622e+03
3.176921143813934423e-01 2.556878500772157281e+02 6.462484926455965839e-01 8.145602838772889527e+02 1.069631861038717943e+03
3.239558818563064713e-01 2.556595553187250971e+02 6.462387606778302596e-01 7.821990647784926978e+02 1.037243290209455154e+03
3.303431487232528219e-01 2.556301398273021448e+02 6.462286418670186716e-01 7.499149738554682472e+02 1.004931714922190054e+03
3.368563499544582895e-01 2.555995594599328058e+02 6.462181208652260089e-01 7.191140445253439566e+02 9.741020031840977254e+02
3.434979685312089526e-01 2.555677683550343602e+02 6.462071817179400046e-01 6.909337575868245267e+02 9.458905201616950080e+02
3.502705363904211611e-01 2.555347188671809704e+02 6.461958078402902927e-01 6.656599113676783190e+02 9.205825629930468494e+02
3.571766353898719881e-01 2.555003614994832901e+02 6.461839819923491657e-01 6.427370037573109585e+02 8.976228721333329759e+02
3.642188982924635110e-01 2.554646448335482489e+02 6.461716862534816475e-01 6.210550564581050139e+02 8.759023250042430391e+02
3.714000097698931246e-01 2.554275154569449455e+02 6.461589019957096891e-01 5.996092914752376828e+02 8.544170471200495740e+02
3.787227074261094173e-01 2.553889178881010480e+02 6.461456098560526273e-01 5.776127868919672892e+02 8.323809413418528038e+02
3.861897828409524003e-01 2.553487944985517970e+02 6.461317897078086014e-01 5.552106514771428465e+02 8.099390336521064455e+02
3.938040826343648382e-01 2.553070854324636798e+02 6.461174206307351842e-01 5.330954505964122063e+02 7.877831521729503947e+02
4.015685095515900693e-01 2.552637285233542457e+02 6.461024808800921448e-01 5.119901887401192084e+02 7.666354057833916613e+02
4.094860235697660999e-01 2.552186592079271179e+02 6.460869478545028244e-01 4.923310638469955052e+02 7.469313173510998922e+02
4.175596430263343040e-01 2.551718104369419109e+02 6.460707980625897129e-01 4.741312524239319259e+02 7.286838445226489966e+02
4.257924457696995457e-01 2.551231125830379938e+02 6.460540070883464825e-01 4.569559273967423110e+02 7.114585320553326255e+02
4.341875703325780433e-01 2.550724933454292511e+02 6.460365495551901871e-01 4.402431895515115343e+02 6.946941097868804036e+02
4.427482171284746748e-01 2.550198776513896917e+02 6.460183990886582128e-01 4.236921454987104312e+02 6.780900448183798517e+02
4.514776496717573528e-01 2.549651875544464588e+02 6.459995282776929137e-01 4.072664545669480844e+02 6.616100186321843921e+02
4.603791958217800517e-01 2.549083421291990987e+02 6.459799086344675256e-01 3.912980745660553339e+02 6.455854346635159118e+02
4.694562490515405973e-01 2.548492573626849946e+02 6.459595105527018433e-01 3.760808638565617343e+02 6.303095756751945373e+02
4.787122697413511707e-01 2.547878460422087414e+02 6.459383032644134826e-01 3.616871937925129714e+02 6.158545350145562907e+02
4.881507864980121347e-01 2.547240176395588662e+02 6.459162547950512145e-01 3.480332831403852651e+02 6.021365020105442909e+02
4.977753974999984399e-01 2.546576781915326819e+02 6.458933319169526399e-01 3.348663991314220425e+02 5.889030394862448929e+02
5.075897718691696481e-01 2.545887301766946109e+02 6.458695001010716918e-01 3.220049189119214361e+02 5.759727461332464600e+02
5.175976510695191601e-01 2.545170723882948778e+02 6.458447234669127957e-01 3.094674691892753344e+02 5.633641166998330618e+02
5.278028503335103760e-01 2.544425998032784833e+02 6.458189647306128434e-01 2.973583827736725311e+02 5.511811626374596926e+02
5.382092601165263668e-01 2.543652034473175831e+02 6.457921851511092548e-01 2.857833991867527743e+02 5.395292590879072350e+02
5.488208475800028241e-01 2.542847702558052561e+02 6.457643444743281780e-01 2.747324894087118423e+02 5.283982293292691566e+02
5.596416581038012872e-01 2.542011829307521964e+02 6.457354008753286578e-01 2.641090877079001302e+02 5.176915558465634604e+02
5.706758168283985189e-01 2.541143197935336957e+02 6.457053108983334955e-01 2.538350609304794432e+02 5.073311339238191522e+02
5.819275302274846684e-01 2.540240546334416081e+02 6.456740293945815168e-01 2.438902122770324752e+02 4.972966693934857290e+02
5.934010877115700744e-01 2.539302565520006851e+02 6.456415094579275316e-01 2.343021158930973513e+02 4.876155133389850675e+02
6.051008632632021156e-01 2.538327898030180449e+02 6.456077023581192620e-01 2.250912001631113242e+02 4.783078711184753047e+02
6.170313171044323752e-01 2.537315136283441745e+02 6.455725574716787429e-01 2.162520600759018521e+02 4.693681702175846340e+02
6.291969973971505148e-01 2.536262820893302887e+02 6.455360222103124768e-01 2.077587212418513047e+02 4.607703218923911663e+02
6.416025419769502136e-01 2.535169438939830684e+02 6.454980419467746255e-01 1.995838553934849813e+02 4.524868893086012349e+02
6.542526801211795418e-01 2.534033422198245091e+02 6.454585599381060801e-01 1.917078243905201020e+02 4.444981040710315483e+02
6.671522343518461184e-01 2.532853145324830564e+02 6.454175172461706911e-01 1.841159215734558927e+02 4.367891126243822555e+02
6.803061222740746095e-01 2.531626924000530039e+02 6.453748526554078380e-01 1.768138662977482625e+02 4.293654144217265980e+02
6.937193584508122290e-01 2.530353013032785157e+02 6.453305025877242862e-01 1.697891668826760281e+02 4.222143499556399888e+02
7.073970563144909018e-01 2.529029604416358552e+02 6.452844010144387354e-01 1.630303480063082304e+02 4.153242684495842241e+02
7.213444301163866035e-01 2.527654825354058801e+02 6.452364793652007879e-01 1.565282555131177844e+02 4.086858269802487484e+02
7.355667969144136231e-01 2.526226736238529043e+02 6.451866664338004043e-01 1.502823696873007293e+02 4.022982765779102010e+02
7.500695786001031484e-01 2.524743328596476886e+02 6.451348882807839136e-01 1.442803443491321786e+02 3.961490802896026935e+02
7.648583039655585392e-01 2.523202522996994617e+02 6.450810681327927565e-01 1.385063089725460941e+02 3.902221883538727525e+02
7.799386108111522331e-01 2.521602166925886479e+02 6.450251262785455797e-01 1.329515538579372844e+02 3.845086781542713084e+02
7.953162480947858493e-01 2.519940032628236111e+02 6.449669799613741983e-01 1.276038401882508566e+02 3.789961087416094756e+02
8.109970781235277260e-01 2.518213814921775509e+02 6.449065432682374865e-01 1.224776227669486559e+02 3.736985987394998006e+02
8.269870787884526786e-01 2.516421128983959363e+02 6.448437270151262668e-01 1.175406345561748367e+02 3.685837594499375314e+02
8.432923458435540587e-01 2.514559508116059021e+02 6.447784386287835900e-01 1.127955089341513286e+02 3.636539301074479908e+02
8.599190952295866497e-01 2.512626401487985106e+02 6.447105820246572527e-01 1.082443286101072317e+02 3.589108873931173775e+02
8.768736654437196965e-01 2.510619171867998602e+02 6.446400574810124962e-01 1.038781089975027641e+02 3.543453888220637964e+02
8.941625199559237736e-01 2.508535093341969855e+02 6.445667615091259517e-01 9.967072767453875315e+01 3.499311500586943566e+02
9.117922496729874426e-01 2.506371349027333792e+02 6.444905867194938853e-01 9.563167453557765896e+01 3.456772890823409625e+02
9.297695754511243749e-01 2.504125028787461247e+02 6.444114216839842424e-01 9.175237705116197162e+01 3.415749548551090129e+02
9.481013506581196237e-01 2.501793126952753710e+02 6.443291507938700979e-01 8.802550293151682581e+01 3.376165224273145213e+02
9.667945637859854946e-01 2.499372540055401828e+02 6.442436541136863370e-01 8.444258752272379809e+01 3.337932354177996785e+02
9.858563411151367584e-01 2.496860064585406747e+02 6.441548072308538320e-01 8.100356352654932834e+01 3.301046686254707652e+02
1.005293949431093736e+00 2.494252394776215453e+02 6.440624811010278172e-01 7.769970513803149004e+01 3.265417885376237450e+02
1.025114798794745541e+00 2.491546120429035511e+02 6.439665418891266091e-01 7.452687979808428054e+01 3.231001139350613585e+02
1.045326445367232626e+00 2.488737724785739545e+02 6.438668508060122475e-01 7.147872645483741394e+01 3.197729428184160838e+02
1.065936594290531003e+00 2.485823582461106298e+02 6.437632639407959712e-01 6.855013243921919752e+01 3.165548034572372558e+02
1.086953102624827805e+00 2.482799957446046903e+02 6.436556320887595328e-01 6.574372268849029410e+01 3.134478849228419222e+02
1.108383982343810192e+00 2.479663001194424794e+02 6.435438005748879142e-01 6.304808887469562251e+01 3.104404511768328234e+02
1.130237403389021678e+00 2.476408750807059960e+02 6.434276090730240982e-01 6.045594955308828844e+01 3.075248536149161396e+02
1.152521696784417626e+00 2.473033127327576608e+02 6.433068914206697686e-01 5.796873505049848063e+01 3.047020642174414888e+02
1.175245357812350733e+00 2.469531934165831899e+02 6.431814754294726821e-01 5.558464935400463247e+01 3.019698431401460539e+02
1.198417049252165301e+00 2.465900855665817346e+02 6.430511826914531159e-01 5.329393382941469781e+01 2.993180584949021181e+02
1.222045604682645781e+00 2.462135455836122162e+02 6.429158283810473273e-01 5.109819239393277712e+01 2.967478146043473544e+02
1.246140031849577889e+00 2.458231177262253198e+02 6.427752210530571775e-01 4.899082379689132694e+01 2.942520851951484246e+02
1.270709516099716607e+00 2.454183340221428296e+02 6.426291624366246014e-01 4.696473121265652395e+01 2.918233488297337885e+02
1.295763423882434928e+00 2.449987142021751367e+02 6.424774472253689250e-01 4.502009950288732654e+01 2.894612717000011344e+02
1.321311306320440249e+00 2.445637656589005928e+02 6.423198628638515650e-01 4.315630575117202739e+01 2.871647054930695617e+02
1.347362902850876454e+00 2.441129834325757884e+02 6.421561893305608448e-01 4.136910247406600405e+01 2.849289099122190692e+02
1.373928144938218354e+00 2.436458502268766892e+02 6.419861989176425254e-01 3.965187853003249785e+01 2.827468053080010577e+02
1.401017159860384220e+00 2.431618364572216251e+02 6.418096560076276269e-01 3.800406428289640104e+01 2.806172634317998131e+02
1.428640274569469071e+00 2.426604003345648266e+02 6.416263168474533041e-01 3.642308278157644708e+01 2.785371634216404004e+02
1.456808019628625717e+00 2.421409879876930233e+02 6.414359293201046253e-01 3.490617059318784499e+01 2.765031900321088756e+02
1.485531133226553724e+00 2.416030336272012562e+02 6.412382327142488458e-01 3.345377789779876565e+01 2.745151796295923532e+02
1.514820565271142838e+00 2.410459597544603128e+02 6.410329574922760676e-01 3.205752949125644591e+01 2.725642740677018878e+02
1.544687481563824738e+00 2.404691774190254137e+02 6.408198250572116894e-01 3.071892683225854270e+01 2.706513245807928456e+02
1.575143268056245160e+00 2.398720865280633916e+02 6.405985475190112410e-01 2.943641022254608330e+01 2.687741573215999438e+02
1.606199535190829142e+00 2.392540762114998643e+02 6.403688274608072550e-01 2.820417798155491340e+01 2.669264252381277629e+02
1.637868122326961551e+00 2.386145252466970419e+02 6.401303577057336769e-01 2.702557243532245579e+01 2.651107478541278510e+02
1.670161102254416274e+00 2.379528025465768337e+02 6.398828210850142639e-01 2.589166547707146293e+01 2.633176995745710656e+02
1.703090785795778439e+00 2.372682677151878750e+02 6.396258902080691477e-01 2.480753260678487493e+01 2.615515760529110025e+02
1.736669726499624256e+00 2.365602716747856391e+02 6.393592272354633455e-01 2.376651688242530724e+01 2.598051687392517692e+02
1.770910725426200427e+00 2.358281573685455896e+02 6.390824836555882849e-01 2.276750269413498273e+01 2.580766934277574478e+02
1.805826836027494720e+00 2.350712605430533699e+02 6.387953000660588909e-01 2.180919561709065491e+01 2.563641837043245459e+02
1.841431369123507800e+00 2.342889106147190148e+02 6.384973059608746171e-01 2.089039983014711055e+01 2.546657632751485778e+02
1.877737897976637260e+00 2.334804316242318123e+02 6.381881195244911709e-01 2.001017826248510545e+01 2.529798026318948416e+02
1.914760263466131596e+00 2.326451432831075579e+02 6.378673474340346150e-01 1.916618555053462813e+01 2.513032960726350780e+02
1.952512579364527490e+00 2.317823621162834513e+02 6.375345846709848940e-01 1.835729384255314400e+01 2.496344235465365955e+02
1.991009237718156966e+00 2.308914027045652801e+02 6.371894143437570879e-01 1.758106788044420199e+01 2.479700932657646604e+02
2.030264914333721471e+00 2.299715790305513110e+02 6.368314075227070603e-01 1.683823734755264923e+01 2.463102899753245083e+02
2.070294574373046093e+00 2.290222059314097010e+02 6.364601230891997474e-01 1.612571897460881587e+01 2.446512961664765555e+02
2.111113478058133985e+00 2.280426006615967651e+02 6.360751076004828031e-01 1.544227698791122982e+01 2.429911948748226678e+02
2.152737186488733023e+00 2.270320845682443860e+02 6.356758951722292217e-01 1.478597563057438435e+01 2.413273981783983686e+02
2.195181567574555626e+00 2.259899848815325356e+02 6.352620073807193624e-01 1.415772427339125805e+01 2.396600766458553835e+02
2.238462802084505210e+00 2.249156366218678329e+02 6.348329531867614728e-01 1.355497982746513053e+01 2.379860708099340911e+02
2.282597389815152145e+00 2.238083846251394391e+02 6.343882288835590577e-01 1.297781783190134064e+01 2.363047616705339635e+02
2.327602155880828416e+00 2.226675856866815195e+02 6.339273180708675515e-01 1.242392199557180277e+01 2.346132378702129699e+02
2.373494257127765739e+00 2.214926108238634299e+02 6.334496916578917780e-01 1.189338033118947102e+01 2.329109195174783054e+02
2.420291188674648541e+00 2.202828476564313007e+02 6.329548078975075764e-01 1.138467920814431444e+01 2.311957035084105030e+02
2.468010790582172209e+00 2.190377029028445577e+02 6.324421124545007711e-01 1.089652173683753666e+01 2.294657183404051182e+02
2.516671254654078815e+00 2.177566049898925939e+02 6.319110385106440075e-01 1.042848837930688077e+01 2.277199566681930776e+02
2.566291131372286483e+00 2.164390067718247224e+02 6.313610069095320076e-01 9.980015506658263647e+00 2.259572970027076906e+02
2.616889336968755142e+00 2.150843883540977970e+02 6.307914263442131464e-01 9.550095387454698326e+00 2.241762221437438996e+02
2.668485160636805631e+00 2.136922600156321721e+02 6.302016935907465145e-01 9.138171020034766556e+00 2.223756764294830930e+02
2.721098271884569986e+00 2.122621652221831710e+02 6.295911937909071110e-01 8.743583938136715972e+00 2.205545412588691647e+02
2.774748728033479939e+00 2.107936837220653956e+02 6.289593007873376385e-01 8.365081111943519332e+00 2.187111725359391130e+02
2.829456981864570952e+00 2.092864347140545078e+02 6.283053775145078790e-01 8.002302448786151601e+00 2.168448148420039843e+02
2.885243889415543883e+00 2.077400800758034620e+02 6.276287764488948095e-01 7.654698865488439807e+00 2.149545764594182060e+02
2.942130717931587203e+00 2.061543276395944417e+02 6.269288401218156004e-01 7.321537733412946558e+00 2.130394397654258967e+02
3.000139153972902761e+00 2.045289345006967210e+02 6.262049016983610716e-01 7.002170968940869322e+00 2.110985182101653663e+02
3.059291311682140524e+00 2.028637103420310268e+02 6.254562856258498726e-01 6.696082643046812777e+00 2.091311035486711489e+02
3.119609741214812271e+00 2.011585207572887839e+02 6.246823083551749090e-01 6.402914395528734204e+00 2.071366916143374795e+02
3.181117437335917231e+00 1.994132905531146207e+02 6.238822791383374922e-01 6.121994318901929688e+00 2.051145451702800244e+02
3.243837848186100548e+00 1.976280070094716450e+02 6.230555009053393434e-01 5.852970763227727247e+00 2.030642897822360453e+02
3.307794884220580656e+00 1.958027230758974042e+02 6.222012712234491483e-01 5.595113298429006399e+00 2.009852657642281599e+02
3.373012927324388954e+00 1.939375604800301858e+02 6.213188833416540824e-01 5.348030201100220538e+00 1.988771990365608247e+02
3.439516840107293305e+00 1.920327127235960347e+02 6.204076273228571470e-01 5.111622083108647630e+00 1.967401572314874443e+02
3.507331975381996703e+00 1.900884479400002078e+02 6.194667912660759557e-01 4.884927061529336534e+00 1.945734883154162560e+02
3.576484185829199802e+00 1.881051115868049521e+02 6.184956626205371233e-01 4.667705395351458009e+00 1.923772859436656972e+02
3.646999833853263429e+00 1.860831289457207163e+02 6.174935295931377466e-01 4.460004831647599310e+00 1.901519853781265965e+02
3.718905801632117036e+00 1.840230074023287727e+02 6.164596826502597438e-01 4.260837108132520257e+00 1.878971580361461520e+02
3.792229501365389943e+00 1.819253384775927032e+02 6.153934161143637116e-01 4.070357939622151200e+00 1.856135048838240493e+02
3.866998885724558299e+00 1.797907995833650148e+02 6.142940298551672340e-01 3.887744420368734577e+00 1.833009240015131809e+02
3.943242458509138793e+00 1.776201554745354656e+02 6.131608310745061408e-01 3.713103737565133677e+00 1.809602449873361536e+02
4.020989285513018707e+00 1.754142593712479083e+02 6.119931361832005035e-01 3.545918267098146615e+00 1.785918214086310627e+02
4.100269005604952000e+00 1.731740537257348933e+02 6.107902727674006105e-01 3.385930945821789884e+00 1.761963325994804848e+02
4.181111842027610770e+00 1.709005706097802886e+02 6.095515816409405874e-01 3.232811850038507906e+00 1.737744832929477923e+02
4.263548613919363461e+00 1.685949317006531203e+02 6.082764189792373433e-01 3.086216829746567303e+00 1.713270569877993807e+02
4.347610748063238439e+00 1.662583478455219961e+02 6.069641585291801755e-01 2.946015639699407718e+00 1.688551170723956147e+02
4.433330290867522727e+00 1.638921181868753649e+02 6.056141938883076170e-01 2.812046743655761905e+00 1.663597868196717400e+02
4.520739920582619753e+00 1.614976288343074202e+02 6.042259408453576341e-01 2.683830830575449244e+00 1.638419984576140678e+02
4.609872959758697597e+00 1.590763510711684603e+02 6.027988397730045245e-01 2.561222080330801010e+00 1.613030641877843721e+02
4.700763387949036698e+00 1.566298390879788656e+02 6.013323580622809139e-01 2.444021891345126818e+00 1.587443330751781900e+02
4.793445854663807459e+00 1.541597272381498840e+02 5.998259925868352216e-01 2.331798992917564650e+00 1.561670346479373279e+02
4.887955692579245337e+00 1.516677268153880220e+02 5.982792721838098293e-01 2.224606883319736106e+00 1.535728953696069539e+02
4.984328931007314445e+00 1.491556223561376555e+02 5.966917601367557333e-01 2.121985854574104824e+00 1.509632741662225328e+02
5.082602309630846804e+00 1.466252674745080640e+02 5.950630566446551972e-01 2.023927425354135501e+00 1.483399871356682524e+02
5.182813292509588443e+00 1.440785802412542012e+02 5.933928012598155277e-01 1.930249620585238635e+00 1.457047663135483333e+02
5.285000082362347307e+00 1.415175381225316187e+02 5.916806752761676336e-01 1.840723122827935487e+00 1.430593644344082236e+02
5.389201635130731027e+00 1.389441724982297899e+02 5.899264040483581661e-01 1.755067707408261457e+00 1.404055477885292760e+02
5.495457674830086958e+00 1.363605627836925862e+02 5.881297592210164016e-01 1.673297902205952647e+00 1.377453778872541363e+02
5.603808708693140517e+00 1.337688301825120050e+02 5.862905608467314789e-01 1.595167767778774337e+00 1.350807412162268690e+02
5.714296042612323490e+00 1.311711311017726587e+02 5.844086793706091409e-01 1.520522984998174287e+00 1.324136371707687374e+02
5.826961796886510392e+00 1.285696502646394777e+02 5.824840374588637903e-01 1.449291341217098461e+00 1.297461612018677215e+02
5.941848922278245126e+00 1.259665935584526011e+02 5.805166116487386896e-01 1.381169653432172018e+00 1.270802431079204098e+02
6.059001216387535749e+00 1.233641806595255161e+02 5.785064337971839166e-01 1.316159012974329912e+00 1.244180747355841987e+02
6.178463340348555377e+00 1.207646374786077388e+02 5.764535923062086287e-01 1.254127665285939885e+00 1.217617465394511385e+02
6.300280835855414097e+00 1.181701884734651458e+02 5.743582331036565236e-01 1.194890534949868188e+00 1.191133064811877631e+02
6.424500142523739576e+00 1.155830488772155888e+02 5.722205603593862877e-01 1.138301806221993617e+00 1.164748264708021281e+02
6.551168615594511913e+00 1.130054168929507199e+02 5.700408369184934987e-01 1.084277822579361450e+00 1.138484113668287279e+02
6.680334543986950813e+00 1.104394659067312290e+02 5.678193844352675823e-01 1.032742640124697298e+00 1.112361474434652138e+02
6.812047168707409561e+00 1.078873367722527377e+02 5.655565831940945198e-01 9.835932277247056987e-01 1.086400678874418588e+02
6.946356701621091645e+00 1.053511302213206733e+02 5.632528716064431062e-01 9.367123275789372983e-01 1.060621558901609802e+02
7.083314344594016099e+00 1.028328994546901072e+02 5.609087453764173281e-01 8.919541655516738388e-01 1.035043270327583826e+02
7.222972309012329006e+00 1.003346429678127265e+02 5.585247563310897778e-01 8.492603517168982874e-01 1.009685096423917088e+02
7.365383835686458269e+00 9.785829766550925513e+01 5.561015109159073155e-01 8.085506463003820921e-01 9.845655439620819038e+01
7.510603215147792611e+00 9.540573231852613389e+01 5.536396683598182600e-01 7.697265508746514717e-01 9.597023119468400409e+01
7.658685808345383705e+00 9.297874141329130282e+01 5.511399385193598288e-01 7.326965835493585155e-01 9.351124207041554826e+01
7.809688067750862217e+00 9.057903944388822026e+01 5.486030794156484536e-01 6.973817652644284104e-01 9.108121929579127141e+01
7.963667558879401476e+00 8.820825569232033558e+01 5.460298944829813372e-01 6.637045408599070440e-01 8.868171193204926794e+01
8.120682982235004843e+00 8.586792953947552576e+01 5.434212295524301073e-01 6.316121320626065794e-01 8.631419767619736660e+01
8.280794195688466530e+00 8.355950634483046713e+01 5.407779695983071511e-01 6.010046278510968731e-01 8.398002765859231999e+01
8.444062237296622087e+00 8.128433392785498768e+01 5.381010352795571050e-01 5.718420669053206895e-01 8.168049880578259092e+01
8.610549348571362671e+00 7.904365967831350304e+01 5.353913793118726394e-01 5.440361579990216079e-01 7.941677469443999371e+01
8.780318998207578218e+00 7.683862831624115586e+01 5.326499827094998141e-01 5.175514011114804580e-01 7.718995370687775903e+01
8.953435906278864209e+00 7.467028031538976052e+01 5.298778509381927293e-01 4.923065372483265700e-01 7.500099947057019278e+01
9.129966068910277954e+00 7.253955099645175153e+01 5.270760100224777256e-01 4.682475959612920069e-01 7.285079018209295043e+01
9.309976783437637238e+00 7.044727028850795136e+01 5.242455026512097271e-01 4.453264006975341527e-01 7.074010333396820727e+01
9.493536674062704961e+00 6.839416314904435978e+01 5.213873843252893048e-01 4.235044577713107383e-01 6.866961851560030539e+01
9.680715718014365478e+00 6.638085062469576769e+01 5.185027195903114672e-01 4.027114291347765329e-01 6.663989146916409823e+01
9.871585272225535945e+00 6.440785152680635406e+01 5.155925783948394070e-01 3.829215270178434882e-01 6.465140555199060657e+01
1.006621810053605692e+01 6.247558468814712285e+01 5.126580326119728470e-01 3.641023621949088240e-01 6.270454027438412226e+01
1.026468840143190953e+01 6.058437175992223445e+01 5.097001527579666513e-01 3.461507960677491780e-01 6.079953450522036462e+01
1.046707183633146698e+01 5.873444050175629627e+01 5.067200049369637860e-01 3.291402337072396045e-01 5.893664429028473251e+01
1.067344555842922382e+01 5.692592851188435787e+01 5.037186480355912988e-01 3.129446038113035677e-01 5.711591194880508482e+01
1.088388824210844774e+01 5.515888734040931496e+01 5.006971311853506412e-01 2.975027734685788405e-01 5.533733606140494032e+01
1.109848011293362902e+01 5.343328692537200197e+01 4.976564915046729487e-01 2.827919195983739087e-01 5.360085780811052558e+01
1.131730297823428089e+01 5.174902028948783084e+01 4.945977521263445476e-01 2.688291009292143041e-01 5.190636522570303413e+01
1.154044025829185394e+01 5.010590843471700140e+01 4.915219205099967681e-01 2.555179323714409367e-01 5.025360805576537615e+01
1.176797701814132324e+01 4.850370537224539902e+01 4.884299870336740179e-01 2.428784375966224207e-01 4.864233811454145950e+01
1.200000000000000178e+01 4.694210322684842396e+01 4.853229238533388612e-01 2.308724686192467901e-01 4.707221181735154403e+01
