1.000000000000000048e-04 4.099427557046136030e+02 7.025764047057927453e-01 5.698300000000000409e+02 9.797727557046137008e+02
1.019716471361305476e-04 4.099427556991885240e+02 7.025764047043761007e-01 5.806057348430105094e+02 9.905484905398575393e+02
1.039821681965551214e-04 4.099427556935475536e+02 7.025764047029028347e-01 5.915952494627235865e+02 1.001538005151404377e+03
1.060323296378889427e-04 4.099427556876818244e+02 7.025764047013708380e-01 6.027934385459934674e+02 1.012736194226087491e+03
1.081229130285668875e-04 4.099427556815823550e+02 7.025764046997784451e-01 6.141640247925333824e+02 1.024106780463600899e+03
1.102547153467954490e-04 4.099427556752402211e+02 7.025764046981222144e-01 6.257660762254802194e+02 1.035708831887056476e+03
1.124285492843794300e-04 4.099427556686449634e+02 7.025764046963998144e-01 6.376085981189282847e+02 1.047551353770524429e+03
1.146452435565379046e-04 4.099427556617880555e+02 7.025764046946090247e-01 6.496591524848704466e+02 1.059601908125975797e+03
1.169056432178302825e-04 4.099427556546572760e+02 7.025764046927471806e-01 6.619528523314733093e+02 1.071895607961548194e+03
1.192106099843096370e-04 4.099427556472431888e+02 7.025764046908109517e-01 6.744738187755548324e+02 1.084416574394032978e+03
1.215610225620289159e-04 4.099427556395333454e+02 7.025764046887974512e-01 6.872210809974460517e+02 1.097163836603731625e+03
1.239577769820241631e-04 4.099427556315168886e+02 7.025764046867041257e-01 7.001995458500661016e+02 1.110142301443534961e+03
1.264017869419013437e-04 4.099427556231809149e+02 7.025764046845268673e-01 7.134599027960620106e+02 1.123402658376052386e+03
1.288939841541590604e-04 4.099427556145132598e+02 7.025764046822636777e-01 7.269477976269531609e+02 1.136890553192775997e+03
1.314353187013790939e-04 4.099427556054998263e+02 7.025764046799101159e-01 7.406827148135602101e+02 1.150625470364487001e+03
1.340267593984187486e-04 4.099427555961276539e+02 7.025764046774626292e-01 7.546600021317785831e+02 1.164602757667045807e+03
1.366692941617462739e-04 4.099427555863827592e+02 7.025764046749176650e-01 7.689317709997380916e+02 1.178874526518538687e+03
1.393639303860561886e-04 4.099427555762499651e+02 7.025764046722713374e-01 7.834840848168498724e+02 1.193426840318336417e+03
1.421116953283116878e-04 4.099427555657130142e+02 7.025764046695199827e-01 7.982908878767202623e+02 1.208233643360004407e+03
1.449136364993589292e-04 4.099427555547564452e+02 7.025764046666589380e-01 8.133579505724179626e+02 1.223300706036565771e+03
1.477708220632611622e-04 4.099427555433640009e+02 7.025764046636842064e-01 8.287295466390576166e+02 1.238672302083082741e+03
1.506843412445078802e-04 4.099427555315177187e+02 7.025764046605903479e-01 8.443846638240339644e+02 1.254327419246899353e+03
1.536553047432524073e-04 4.099427555191994088e+02 7.025764046573733657e-01 8.603316704441904221e+02 1.270274425844806956e+03
1.566848451587352390e-04 4.099427555063907676e+02 7.025764046540284857e-01 8.765888839394671095e+02 1.286531639316687688e+03
1.597741174210580439e-04 4.099427554930725250e+02 7.025764046505503790e-01 8.931408168034830624e+02 1.303083572156103401e+03
1.629242992314681906e-04 4.099427554792233650e+02 7.025764046469340496e-01 9.100272241000196800e+02 1.319969979426766940e+03
1.661365915113260548e-04 4.099427554648228238e+02 7.025764046431733911e-01 9.272341726176326802e+02 1.337176927917170133e+03
1.694122188599240229e-04 4.099427554498490167e+02 7.025764046392631856e-01 9.447446748518294726e+02 1.354687430122755813e+03
1.727524300213309375e-04 4.099427554342786379e+02 7.025764046351968828e-01 9.625774004884252690e+02 1.372520155729261660e+03
1.761584983604422587e-04 4.099427554180883817e+02 7.025764046309690425e-01 9.807586867029874611e+02 1.390701441912176051e+03
1.796317223484165167e-04 4.099427554012534642e+02 7.025764046265732254e-01 9.992944187994771710e+02 1.409237173975378255e+03
1.831734260576808513e-04 4.099427553837479650e+02 7.025764046220013270e-01 1.018131290959387115e+03 1.428074046100284249e+03
1.867849596666993305e-04 4.099427553655455654e+02 7.025764046172476851e-01 1.037360423759038895e+03 1.447303178863109224e+03
1.904676999746904244e-04 4.099427553466182985e+02 7.025764046123053053e-01 1.056955373233337923e+03 1.466898128298671281e+03
1.942230509264949415e-04 4.099427553269372879e+02 7.025764046071658608e-01 1.076933799022620406e+03 1.486876554047200216e+03
1.980524441477925668e-04 4.099427553064724066e+02 7.025764046018216913e-01 1.097219753366717441e+03 1.507162508348444817e+03
2.019573394908690694e-04 4.099427552851927885e+02 7.025764045962644699e-01 1.117957339668395434e+03 1.527900094605019831e+03
2.059392255911460321e-04 4.099427552630656919e+02 7.025764045904858701e-01 1.139046497109689881e+03 1.548989251998874806e+03
2.099996204346833044e-04 4.099427552400574086e+02 7.025764045844774541e-01 1.160564032485119469e+03 1.570506787324382913e+03
2.141400719368687674e-04 4.099427552161329800e+02 7.025764045782296741e-01 1.182443668369049647e+03 1.592386423155802731e+03
2.183621585325197067e-04 4.099427551912557419e+02 7.025764045717333151e-01 1.204818654080558645e+03 1.614761408812028549e+03
2.226674897776190025e-04 4.099427551653880641e+02 7.025764045649784961e-01 1.227518779495460194e+03 1.637461534168795879e+03
2.270577069629129796e-04 4.099427551384897583e+02 7.025764045579543371e-01 1.250640633660673984e+03 1.660583388272835919e+03
2.315344837396109590e-04 4.099427551105206931e+02 7.025764045506504019e-01 1.274243683333025047e+03 1.684186437880790891e+03
2.360995267574176367e-04 4.099427550814378378e+02 7.025764045430555882e-01 1.298241102186426133e+03 1.708183856666443035e+03
2.407545763151478185e-04 4.099427550511969116e+02 7.025764045351580167e-01 1.322827950344176998e+03 1.732770704752823576e+03
2.455014070241686754e-04 4.099427550197517007e+02 7.025764045269465852e-01 1.347698743145031131e+03 1.757641497478648944e+03
2.503418284849206490e-04 4.099427549870541725e+02 7.025764045184079709e-01 1.373111211963064079e+03 1.783053966217670677e+03
2.552776859767804133e-04 4.099427549530552142e+02 7.025764045095297394e-01 1.399010344572457370e+03 1.808953098743892497e+03
2.603108611615219544e-04 4.099427549177016203e+02 7.025764045002973468e-01 1.425396583651304582e+03 1.835339337735182426e+03
2.654432728006498807e-04 4.099427548809400719e+02 7.025764044906969152e-01 1.452237562367033433e+03 1.862180316358759910e+03
2.706768774868748505e-04 4.099427548427152033e+02 7.025764044807151221e-01 1.479655751882875848e+03 1.889598505777544915e+03
2.760136703900124117e-04 4.099427548029677268e+02 7.025764044703352029e-01 1.507494712778571056e+03 1.917437466571111827e+03
2.814556860175856283e-04 4.099427547616377296e+02 7.025764044595422808e-01 1.535938500056296107e+03 1.945881253741252294e+03
2.870049989904279700e-04 4.099427547186616607e+02 7.025764044483195914e-01 1.564881987747334506e+03 1.974824741319031773e+03
2.926637248335742648e-04 4.099427546739744912e+02 7.025764044366502592e-01 1.594312326322006811e+03 2.004255079774485239e+03
2.984340207827481176e-04 4.099427546275073269e+02 7.025764044245152995e-01 1.624286259191078443e+03 2.034229012518015224e+03
3.043180866067503993e-04 4.099427545791901366e+02 7.025764044118976148e-01 1.654893169155405758e+03 2.064835922350076999e+03
3.103181654460593786e-04 4.099427545289489103e+02 7.025764043987776653e-01 1.686052037288934798e+03 2.095994790344325793e+03
3.164365446679694898e-04 4.099427544767068525e+02 7.025764043851351337e-01 1.717767355093914603e+03 2.127710108002635025e+03
3.226755567385859746e-04 4.099427544223846098e+02 7.025764043709492590e-01 1.750084898460274871e+03 2.160027651214500565e+03
3.290375801120152969e-04 4.099427543658987361e+02 7.025764043561981698e-01 1.783017613973899643e+03 2.192960366565376717e+03
3.355250401370871052e-04 4.099427543071638524e+02 7.025764043408599946e-01 1.816577629322939401e+03 2.226520381742966947e+03
3.421404099819505161e-04 4.099427542460900895e+02 7.025764043249111968e-01 1.850752115842522471e+03 2.260694868081948698e+03
3.488862115769049421e-04 4.099427541825841672e+02 7.025764043083273513e-01 1.885507592494396476e+03 2.295450344543621213e+03
3.557650165758153931e-04 4.099427541165491675e+02 7.025764042910827012e-01 1.920923329821969901e+03 2.330866081670790663e+03
3.627794473364868402e-04 4.099427540478847050e+02 7.025764042731517112e-01 1.957047775843825093e+03 2.366990527481440495e+03
3.699321779203665447e-04 4.099427539764858466e+02 7.025764042545066257e-01 1.993795784207007955e+03 2.403738535622142990e+03
3.772259351119588077e-04 4.099427539022439078e+02 7.025764042351184679e-01 2.031211413008465797e+03 2.441154164189186758e+03
3.846634994583350824e-04 4.099427538250453722e+02 7.025764042149585942e-01 2.069339666917646809e+03 2.479282417851326500e+03
3.922477063291448856e-04 4.099427537447727445e+02 7.025764041939966953e-01 2.108155726183549632e+03 2.518098476856924663e+03
3.999814469975212367e-04 4.099427536613036409e+02 7.025764041721993536e-01 2.147720962253844391e+03 2.557663712652842150e+03
4.078676697423010231e-04 4.099427535745105047e+02 7.025764041495335954e-01 2.187982001859363208e+03 2.597924751969239423e+03
4.159093809719774945e-04 4.099427534842610044e+02 7.025764041259657811e-01 2.229007371938545930e+03 2.638950121743666841e+03
4.241096463708093488e-04 4.099427533904178631e+02 7.025764041014598282e-01 2.270777567701421958e+03 2.680720317185344356e+03
4.324715920675328319e-04 4.099427532928376650e+02 7.025764040759771012e-01 2.313341027455892345e+03 2.723283776601199861e+03
4.409984058271105320e-04 4.099427531913716507e+02 7.025764040494801854e-01 2.356757461961708486e+03 2.766700210749944290e+03
4.496933382659821523e-04 4.099427530858650925e+02 7.025764040219284468e-01 2.400826102365589122e+03 2.810768850777687021e+03
4.585597040912727917e-04 4.099427529761568962e+02 7.025764039932785865e-01 2.445785514228524789e+03 2.855728262243920653e+03
4.676008833644371360e-04 4.099427528620801127e+02 7.025764039634888602e-01 2.491564973264034961e+03 2.901507720861211965e+03
4.768203227898127066e-04 4.099427527434606304e+02 7.025764039325119725e-01 2.538140712609762886e+03 2.948083459766086435e+03
4.862215370285865364e-04 4.099427526201174601e+02 7.025764039003019601e-01 2.585537135633895559e+03 2.995479882325472772e+03
4.958081100386606179e-04 4.099427524918627341e+02 7.025764038668089739e-01 2.633858316278571237e+03 3.043801062479974007e+03
5.055836964409403866e-04 4.099427523585002859e+02 7.025764038319826099e-01 2.683075183880532677e+03 3.093017929565030954e+03
5.155520229125611304e-04 4.099427522198272413e+02 7.025764037957696884e-01 2.733160883604894025e+03 3.143103628744382604e+03
5.257168896075791907e-04 4.099427520756323133e+02 7.025764037581138099e-01 2.784229330113006199e+03 3.194172074677553610e+03
5.360821716056817128e-04 4.099427519256952337e+02 7.025764037189591305e-01 2.836108610481868709e+03 3.246051354440409796e+03
5.466518203894515709e-04 4.099427517697870940e+02 7.025764036782451427e-01 2.889005693915814390e+03 3.298948437235016172e+03
5.574298653507651306e-04 4.099427516076708571e+02 7.025764036359094522e-01 2.942808550394415306e+03 3.352751293039469147e+03
5.684204153268898867e-04 4.099427514390984584e+02 7.025764035918885542e-01 2.997663686427650646e+03 3.407606428361419603e+03
5.796276601668633264e-04 4.099427512638134203e+02 7.025764035461143919e-01 3.053387329413082625e+03 3.463330070597003669e+03
5.910558723287638551e-04 4.099427510815481810e+02 7.025764034985174655e-01 3.110186973957430382e+03 3.520129714350171071e+03
6.027094085084653283e-04 4.099427508920246055e+02 7.025764034490246113e-01 3.168031651245015837e+03 3.577974390803095048e+03
6.145927113005118314e-04 4.099427506949544409e+02 7.025764033975613332e-01 3.226851597193864563e+03 3.636794335871709791e+03
6.267103108917349312e-04 4.099427504900363601e+02 7.025764033440485834e-01 3.286843112521672992e+03 3.696785850270491665e+03
6.390668267882666309e-04 4.099427502769578382e+02 7.025764032884053156e-01 3.347817849027068860e+03 3.757760585796158011e+03
6.516669695765972504e-04 4.099427500553947539e+02 7.025764032305458207e-01 3.409868594448733802e+03 3.819811330184267717e+03
6.645155427193630109e-04 4.099427498250079225e+02 7.025764031703820578e-01 3.473066225908650267e+03 3.883008960553578163e+03
6.776174443865317374e-04 4.099427495854470180e+02 7.025764031078223226e-01 3.537401966160403390e+03 3.947344699654607666e+03
6.909776693226991071e-04 4.099427493363465373e+02 7.025764030427719131e-01 3.602821982028296134e+03 4.012764714308652401e+03
7.046013107512016926e-04 4.099427490773265390e+02 7.025764029751311313e-01 3.669444416271000591e+03 4.079387147270388141e+03
7.184935623157654100e-04 4.099427488079917339e+02 7.025764029047966153e-01 3.737302605446553571e+03 4.147245335094016809e+03
7.326597200604465778e-04 4.099427485279314283e+02 7.025764028316611176e-01 3.806302463681953213e+03 4.216245191903162777e+03
7.471051844486004600e-04 4.099427482367188986e+02 7.025764027556132829e-01 3.876522444539110438e+03 4.286465171255281348e+03
7.618354624216640975e-04 4.099427479339096863e+02 7.025764026765373149e-01 3.947992063474642691e+03 4.357934788602536173e+03
7.768561694985270071e-04 4.099427476190420521e+02 7.025764025943123103e-01 4.020726637470349488e+03 4.430669360922096530e+03
7.921730319162982375e-04 4.099427472916358965e+02 7.025764025088124809e-01 4.094703447217993016e+03 4.504646168901075725e+03
8.077918888132737179e-04 4.099427469511921345e+02 7.025764024199084856e-01 4.169970014752877432e+03 4.579912734569458735e+03
8.237186944549554314e-04 4.099427465971911033e+02 7.025764023274638781e-01 4.246637445135110283e+03 4.656580162981263129e+03
8.399595205039485759e-04 4.099427462290930180e+02 7.025764022313381041e-01 4.324602813583972420e+03 4.734545529350803008e+03
8.565205583346196866e-04 4.099427458463367202e+02 7.025764021313845031e-01 4.403865570138164003e+03 4.813808283710864089e+03
8.734081213933937065e-04 4.099427454483383144e+02 7.025764020274504196e-01 4.484552679708202959e+03 4.894495390964765647e+03
8.906286476055772080e-04 4.099427450344912245e+02 7.025764019193779797e-01 4.566633018828991226e+03 4.976575727640991317e+03
9.081887018296509132e-04 4.099427446041642611e+02 7.025764018070012051e-01 4.650092468911948345e+03 5.060035175144062123e+03
9.260949783599363872e-04 4.099427441567004280e+02 7.025764016901497877e-01 4.735011537285505256e+03 5.144954240794372708e+03
9.443543034786180002e-04 4.099427436914181158e+02 7.025764015686453146e-01 4.821418524324772079e+03 5.231361224958949606e+03
9.629736380580797847e-04 4.099427432076074638e+02 7.025764014423014903e-01 4.909245115035695562e+03 5.319187812636082526e+03
9.819600802145431618e-04 4.099427427045305876e+02 7.025764013109275785e-01 4.998557946527068452e+03 5.408500640925307380e+03
1.001320868014038456e-03 4.099427421814201011e+02 7.025764011743214077e-01 5.089428535863420620e+03 5.499371226881235089e+03
1.021063382231714818e-03 4.099427416374790027e+02 7.025764010322758102e-01 5.181718765572908524e+03 5.591661453023734794e+03
1.041195149165564200e-03 4.099427410718771512e+02 7.025764008845737374e-01 5.275885074217098918e+03 5.685827757899311109e+03
1.061723843505616143e-03 4.099427404837517770e+02 7.025764007309894810e-01 5.371275124304097517e+03 5.781217804012218949e+03
1.082657291259708733e-03 4.099427398722062321e+02 7.025764005712892279e-01 5.468404685612685171e+03 5.878347361124237977e+03
1.104003472736939323e-03 4.099427392363081708e+02 7.025764004052299505e-01 5.567345141259356751e+03 5.977287812338758158e+03
1.125770525589939088e-03 4.099427385750875032e+02 7.025764002325575186e-01 5.667588542914037134e+03 6.077531209319162372e+03
1.147966747917134956e-03 4.099427378875358841e+02 7.025764000530088094e-01 5.769752096068953506e+03 6.179694757536588440e+03
1.170600601426172909e-03 4.099427371726049500e+02 7.025763998663107079e-01 5.873360805685138985e+03 6.283303461944055925e+03
1.193680714659719122e-03 4.099427364292039329e+02 7.025763996721774429e-01 5.979079459945577582e+03 6.389022110700439043e+03
1.217215886284848904e-03 4.099427356561998863e+02 7.025763994703135840e-01 6.086316361579933982e+03 6.496259006527758174e+03
1.241215088447310396e-03 4.099427348524131958e+02 7.025763992604111552e-01 6.194880379739456657e+03 6.604823018563914957e+03
1.265687470191902055e-03 4.099427340166185445e+02 7.025763990421505234e-01 6.305542942899636728e+03 6.715485575255172080e+03
1.290642360950303765e-03 4.099427331475410483e+02 7.025763988151981776e-01 6.418067517721290642e+03 6.828010143247131055e+03
1.316089274097666977e-03 4.099427322438556303e+02 7.025763985792080613e-01 6.532558650538931033e+03 6.942501268852762223e+03
1.342037910579333641e-03 4.099427313041834395e+02 7.025763983338203511e-01 6.648525803035826357e+03 7.058468413743238671e+03
1.368498162609057189e-03 4.099427303270921357e+02 7.025763980786609020e-01 6.766466812802122149e+03 7.176409415478280607e+03
1.395480117440138067e-03 4.099427293110916821e+02 7.025763978133406917e-01 6.886436189779096821e+03 7.296378783974831094e+03
1.422994061210917753e-03 4.099427282546322999e+02 7.025763975374549331e-01 7.008198482596671056e+03 7.418141067842987468e+03
1.451050482866089080e-03 4.099427271561027624e+02 7.025763972505826294e-01 7.131737590736329366e+03 7.541680166539207676e+03
1.479660078155326875e-03 4.099427260138281213e+02 7.025763969522874630e-01 7.257173969412482620e+03 7.667116535248610489e+03
1.508833753710742045e-03 4.099427248260660122e+02 7.025763966421125772e-01 7.384812949561644928e+03 7.794755504872284291e+03
1.538582631204750938e-03 4.099427235910054037e+02 7.025763963195867934e-01 7.514203142556118109e+03 7.924145686762634796e+03
1.568918051589901497e-03 4.099427223067629029e+02 7.025763959842175055e-01 7.645560836590180770e+03 8.055503369077492607e+03
1.599851579422308968e-03 4.099427209713790603e+02 7.025763956354926787e-01 7.779004922025869746e+03 8.188947442142487489e+03
1.631395007270326812e-03 4.099427195828183130e+02 7.025763952728812933e-01 7.914381687574773423e+03 8.324324194637898472e+03
1.663560360210147209e-03 4.099427181389627322e+02 7.025763948958303473e-01 8.051850995234272887e+03 8.461793488519811945e+03
1.696359900410033573e-03 4.099427166376102036e+02 7.025763945037648561e-01 8.191408249823121878e+03 8.601350728567816986e+03
1.729806131804935204e-03 4.099427150764715293e+02 7.025763940960857434e-01 8.332923561951460215e+03 8.742866025354587691e+03
1.763911804863277756e-03 4.099427134531657089e+02 7.025763936721730607e-01 8.476670723884595645e+03 8.886613171093806159e+03
1.798689921447731502e-03 4.099427117652170978e+02 7.025763932313789928e-01 8.622533449603855843e+03 9.032475879724215702e+03
1.834153739771822835e-03 4.099427100100515418e+02 7.025763927730319658e-01 8.770408339595567668e+03 9.180350751687319644e+03
1.870316779454265360e-03 4.099427081849922274e+02 7.025763922964320951e-01 8.920342865587206688e+03 9.330285258658424937e+03
1.907192826672944553e-03 4.099427062872561009e+02 7.025763918008542941e-01 9.072367339083426486e+03 9.482309712087810112e+03
1.944795939420529028e-03 4.099427043139489797e+02 7.025763912855408355e-01 9.226652644863852402e+03 9.636594996692290806e+03
1.983140452863694884e-03 4.099427022620615730e+02 7.025763907497073468e-01 9.382962593669835769e+03 9.792904923162686828e+03
2.022240984808028330e-03 4.099427001284645371e+02 7.025763901925359267e-01 9.541603886667551706e+03 9.951546192590501960e+03
2.062112441270652023e-03 4.099426979099038135e+02 7.025763896131769215e-01 9.702538351187979060e+03 1.011248063224163525e+04
2.102770022162756772e-03 4.099426956029963662e+02 7.025763890107469267e-01 9.865377038638878730e+03 1.027531929347118603e+04
2.144229227084140654e-03 4.099426932042243266e+02 7.025763883843270108e-01 1.003045111235786317e+04 1.044039333952974994e+04
2.186505861232019340e-03 4.099426907099290815e+02 7.025763877329622709e-01 1.019809349984407709e+04 1.060803569782322666e+04
2.229616041426324847e-03 4.099426881163065559e+02 7.025763870556589463e-01 1.036734391182158106e+04 1.077728607904079036e+04
2.273576202253812031e-03 4.099426854194019256e+02 7.025763863513841967e-01 1.053888567688162766e+04 1.094882781165626147e+04
2.318403102333295180e-03 4.099426826151019441e+02 7.025763856190638812e-01 1.071284707537458416e+04 1.112278917592287326e+04
2.364113830704411227e-03 4.099426796991299398e+02 7.025763848575815596e-01 1.088896493737200035e+04 1.129890700183135959e+04
2.410725813342361190e-03 4.099426766670393931e+02 7.025763840657758275e-01 1.106781377890935073e+04 1.147775580528452338e+04
2.458256819801083164e-03 4.099426735142056373e+02 7.025763832424392064e-01 1.124772576369298076e+04 1.165766774998254004e+04
2.506724969987425122e-03 4.099426702358209127e+02 7.025763823863157009e-01 1.143073802959705063e+04 1.184067997356854175e+04
2.556148741068848922e-03 4.099426668268853291e+02 7.025763814960996889e-01 1.161622787374455402e+04 1.202616977308458081e+04
2.606546974517370396e-03 4.099426632822004422e+02 7.025763805704342557e-01 1.180370557141387508e+04 1.221364742371905231e+04
2.657938883292339325e-03 4.099426595963602722e+02 7.025763796079069756e-01 1.199323689246365939e+04 1.240317869519980559e+04
2.710344059164873469e-03 4.099426557637436304e+02 7.025763786070503558e-01 1.218451090495931567e+04 1.259445265548228053e+04
2.763782480186679266e-03 4.099426517785061037e+02 7.025763775663377286e-01 1.237797314583112529e+04 1.278791484132520054e+04
2.818274518306154892e-03 4.099426476345695392e+02 7.025763764841823633e-01 1.257396383147651431e+04 1.298390546895048283e+04
2.873840947134635379e-03 4.099426433256145401e+02 7.025763753589338023e-01 1.277289391606079880e+04 1.318283549233005942e+04
2.930502949865762628e-03 4.099426388450699505e+02 7.025763741888761960e-01 1.297276296774022921e+04 1.338270447962255639e+04
2.988282127351012205e-03 4.099426341861025662e+02 7.025763729722243056e-01 1.317552584298500005e+04 1.358546728696192622e+04
3.047200506334426552e-03 4.099426293416072440e+02 7.025763717071237258e-01 1.338033233603685221e+04 1.379027370848129067e+04
3.107280547849721776e-03 4.099426243041962152e+02 7.025763703916445557e-01 1.358682647482428911e+04 1.399676777195506293e+04
3.168545155782942577e-03 4.099426190661868645e+02 7.025763690237809556e-01 1.379531529107221832e+04 1.420525650888272139e+04
3.231017685603940030e-03 4.099426136195917820e+02 7.025763676014468162e-01 1.400643760149385707e+04 1.441637873570227566e+04
3.294721953270021968e-03 4.099426079561039273e+02 7.025763661224725398e-01 1.421915856202846953e+04 1.462909960824031441e+04
3.359682244305131366e-03 4.099426020670866251e+02 7.025763645846035965e-01 1.443416705517838636e+04 1.484410800869614650e+04
3.425923323058059893e-03 4.099425959435591267e+02 7.025763629854938630e-01 1.465116399768590600e+04 1.506110485360256098e+04
3.493470442143159580e-03 4.099425895761823426e+02 7.025763613227047344e-01 1.487019755003176579e+04 1.528013830318114742e+04
3.562349352067242358e-03 4.099425829552463938e+02 7.025763595937006833e-01 1.509102113810497940e+04 1.550096178308590970e+04
3.632586311046241429e-03 4.099425760706537289e+02 7.025763577958448192e-01 1.531392355289487932e+04 1.572386408399127140e+04
3.704208095015455206e-03 4.099425689119048570e+02 7.025763559263950020e-01 1.553802516018317147e+04 1.594796557150629997e+04
3.777242007837139457e-03 4.099425614680833405e+02 7.025763539825014004e-01 1.576424387037206179e+04 1.617418415560570247e+04
3.851715891709376824e-03 4.099425537278363549e+02 7.025763519611979424e-01 1.599292502668015004e+04 1.640286517913087664e+04
3.927658137780149807e-03 4.099425456793599096e+02 7.025763498594027601e-01 1.622293911485497119e+04 1.663287912765789224e+04
4.005097696970691228e-03 4.099425373103802031e+02 7.025763476739111946e-01 1.645433023569318902e+04 1.686427010163183149e+04
4.084064091012243845e-03 4.099425286081337845e+02 7.025763454013894682e-01 1.668763502867733769e+04 1.709757474008242207e+04
4.164587423700419344e-03 4.099425195593497051e+02 7.025763430383719088e-01 1.692234974954197969e+04 1.733228929844187951e+04
4.246698392371461850e-03 4.099425101502278608e+02 7.025763405812556206e-01 1.715848599230900436e+04 1.756842537033035842e+04
4.330428299604751480e-03 4.099425003664198357e+02 7.025763380262926017e-01 1.739656374888437858e+04 1.780650294713557378e+04
4.415809065156095503e-03 4.099424901930043461e+02 7.025763353695865243e-01 1.763608960484067211e+04 1.804602861407565433e+04
4.502873238126238464e-03 4.099424796144670040e+02 7.025763326070860737e-01 1.787664551292559190e+04 1.828658432352144155e+04
4.591654009369343543e-03 4.099424686146746808e+02 7.025763297345780645e-01 1.811815846171115118e+04 1.852809706358545009e+04
4.682185224146093346e-03 4.099424571768527130e+02 7.025763267476822227e-01 1.836095006421833386e+04 1.877088844672121559e+04
4.774501395026292498e-03 4.099424452835584702e+02 7.025763236418433033e-01 1.860528832274868910e+04 1.901522647463994508e+04
4.868637715045841426e-03 4.099424329166536722e+02 7.025763204123243177e-01 1.885060638232670681e+04 1.926054429194059048e+04
4.964630071123114601e-03 4.099424200572785821e+02 7.025763170542005387e-01 1.909668715353732478e+04 1.950662480868955026e+04
5.062515057739890197e-03 4.099424066858223910e+02 7.025763135623510625e-01 1.934312192998952014e+04 1.975305931800810868e+04
5.162329990891991079e-03 4.099423927818932043e+02 7.025763099314501492e-01 1.959118928398321441e+04 2.000112639124186171e+04
5.264112922315016506e-03 4.099423783242871195e+02 7.025763061559613387e-01 1.984029523764461555e+04 2.025023205000454254e+04
5.367902653990518774e-03 4.099423632909553135e+02 7.025763022301251270e-01 2.008937076245673234e+04 2.049930726539850002e+04
5.473738752938198462e-03 4.099423476589727215e+02 7.025762981479565239e-01 2.033935104943045008e+04 2.074928722746272251e+04
5.581661566299772614e-03 4.099423314044990434e+02 7.025762939032290655e-01 2.058941175590259081e+04 2.099934759303995452e+04
5.691712236720216159e-03 4.099423145027461715e+02 7.025762894894694854e-01 2.084031997038654299e+04 2.125025544963313951e+04
5.803932718032302381e-03 4.099422969279384006e+02 7.025762848999465016e-01 2.109033739141162732e+04 2.150027249554035370e+04
5.918365791250324026e-03 4.099422786532737746e+02 7.025762801276611569e-01 2.134128152769944063e+04 2.175121623804633418e+04
6.035055080879241779e-03 4.099422596508828747e+02 7.025762751653354954e-01 2.159122441169782542e+04 2.200115870940518653e+04
6.154045071545298680e-03 4.099422398917862438e+02 7.025762700054021259e-01 2.184208928127269610e+04 2.225202314588271474e+04
6.275381124954604838e-03 4.099422193458511288e+02 7.025762646399912326e-01 2.209091709697286205e+04 2.250085050821847108e+04
6.399109497186043251e-03 4.099421979817439592e+02 7.025762590609213598e-01 2.234067873348799912e+04 2.275061166897552539e+04
6.525277356325163286e-03 4.099421757668846453e+02 7.025762532596829812e-01 2.258968721686952631e+04 2.299961965385254007e+04
6.653932800445723147e-03 4.099421526673948506e+02 7.025762472274305059e-01 2.283688786752097076e+04 2.324681978268174498e+04
6.785124875945762989e-03 4.099421286480464914e+02 7.025762409549639598e-01 2.308386261035098869e+04 2.349379397860011522e+04
6.918903596245229090e-03 4.099421036722101235e+02 7.025762344327168840e-01 2.332986986366398560e+04 2.373980065910497069e+04
7.055319960852225042e-03 4.099420777017967339e+02 7.025762276507436788e-01 2.357502503690377125e+04 2.398495523240553302e+04
7.194425974805207860e-03 4.099420506972011253e+02 7.025762205987007292e-01 2.381850397011536188e+04 2.422843353774339630e+04
7.336274668498486869e-03 4.099420226172405819e+02 7.025762132658343040e-01 2.405994413095292111e+04 2.446987304173194570e+04
7.480920117898608689e-03 4.099419934190924550e+02 7.025762056409610157e-01 2.430025284756922701e+04 2.471018107074204818e+04
7.628417465159371275e-03 4.099419630582287937e+02 7.025761977124527213e-01 2.453892008886692929e+04 2.494884759259448037e+04
7.778822939643260242e-03 4.099419314883489278e+02 7.025761894682180930e-01 2.477506667820546136e+04 2.518499342978053028e+04
7.932193879357403443e-03 4.099418986613079596e+02 7.025761808956848542e-01 2.500898695234927072e+04 2.541891291747469950e+04
8.088588752812068614e-03 4.099418645270437196e+02 7.025761719817787965e-01 2.524031770405237694e+04 2.565024284718929994e+04
8.248067181310264964e-03 4.099418290335015627e+02 7.025761627129074594e-01 2.546884409267654337e+04 2.587876837691929177e+04
8.410689961676692111e-03 4.099417921265525138e+02 7.025761530749338180e-01 2.569508148390301358e+04 2.610500487041781162e+04
8.576519089434912063e-03 4.099417537499130049e+02 7.025761430531610729e-01 2.591821618973569639e+04 2.632813863862946528e+04
8.745617782441435228e-03 4.099417138450584730e+02 7.025761326323044509e-01 2.613758537770143084e+04 2.654750684793283290e+04
8.918050504985857233e-03 4.099416723511324676e+02 7.025761217964731076e-01 2.635372901850105700e+04 2.676364946692836747e+04
9.093882992366087922e-03 4.099416292048569517e+02 7.025761105291411512e-01 2.656595735766195139e+04 2.697587673994051511e+04
9.273182275948137210e-03 4.099415843404327120e+02 7.025760988131261042e-01 2.677437974394072808e+04 2.718429801384992970e+04
9.456016708720033428e-03 4.099415376894409064e+02 7.025760866305600372e-01 2.697909386207741409e+04 2.738901097144970845e+04
9.642455991349529673e-03 4.099414891807383583e+02 7.025760739628653662e-01 2.717903475014295691e+04 2.758895064987508886e+04
9.832571198755621356e-03 4.099414387403489854e+02 7.025760607907219901e-01 2.737417119875562275e+04 2.778408583788340911e+04
1.002643480720387392e-02 4.099413862913502271e+02 7.025760470940431990e-01 2.756430033986011767e+04 2.797421366567265432e+04
1.022412072193610612e-02 4.099413317537567423e+02 7.025760328519409237e-01 2.774952475610757028e+04 2.815943671378936779e+04
1.042570430534468968e-02 4.099412750443988784e+02 7.025760180426956492e-01 2.792946083315259239e+04 2.833937136623417246e+04
1.063126240570244629e-02 4.099412160767936939e+02 7.025760026437217753e-01 2.810294675395411105e+04 2.851285580519968426e+04
1.084087338645900282e-02 4.099411547610156958e+02 7.025759866315369750e-01 2.827122352717941612e+04 2.868113103587107616e+04
1.105461715611466035e-02 4.099410910035579150e+02 7.025759699817215598e-01 2.843323586547054219e+04 2.884314176995731759e+04
1.127257519868338047e-02 4.099410247071896833e+02 7.025759526688837298e-01 2.858886982565150902e+04 2.899877406227386382e+04
1.149483060475638488e-02 4.099409557708090119e+02 7.025759346666224925e-01 2.873761753575186231e+04 2.914752003933073138e+04
1.172146810317810893e-02 4.099408840892882608e+02 7.025759159474821436e-01 2.887848538868832838e+04 2.928838609324773643e+04
1.195257409334687763e-02 4.099408095533130449e+02 7.025758964829168507e-01 2.901314193455784698e+04 2.942304076963834814e+04
1.218823667815223215e-02 4.099407320492154554e+02 7.025758762432414706e-01 2.913961833907611435e+04 2.954951523477911178e+04
1.242854569756182172e-02 4.099406514588027903e+02 7.025758551975915811e-01 2.925838483808819001e+04 2.966827972166744075e+04
1.267359276287047601e-02 4.099405676591743486e+02 7.025758333138708567e-01 2.936905424652654983e+04 2.977894704362749690e+04
1.292347129162446130e-02 4.099404805225369728e+02 7.025758105587065483e-01 2.947197975205966577e+04 2.988187038552394370e+04
1.317827654323441497e-02 4.099403899160072910e+02 7.025757868973964149e-01 2.956593903277503705e+04 2.997582742527915616e+04
1.343810565529046132e-02 4.099402957014118556e+02 7.025757622938573199e-01 2.964955361550581074e+04 3.005943969014803224e+04
1.370305768059318016e-02 4.099401977350739230e+02 7.025757367105669449e-01 2.972370646771827887e+04 3.013359014410011514e+04
1.397323362491491305e-02 4.099400958675967672e+02 7.025757101085114975e-01 2.978612979059405916e+04 3.019601099079022606e+04
1.424873648550537865e-02 4.099399899436338046e+02 7.025756824471215412e-01 2.983710743704354536e+04 3.024698608106565371e+04
1.452967129035661990e-02 4.099398798016530918e+02 7.025756536842134858e-01 2.987941272737963300e+04 3.028928872780363963e+04
1.481614513824211846e-02 4.099397652736902273e+02 7.025756237759230860e-01 2.991404108788596568e+04 3.032391435290411755e+04
1.510826723954521514e-02 4.099396461850924425e+02 7.025755926766397153e-01 2.994105405155906919e+04 3.035092448678133951e+04
1.540614895789264339e-02 4.099395223542525173e+02 7.025755603389369774e-01 2.996132999724788533e+04 3.037119750369430767e+04
1.570990385260893907e-02 4.099393935923321237e+02 7.025755267134987658e-01 2.997495432719203745e+04 3.038481880291837660e+04
1.601964772200776752e-02 4.099392597029730041e+02 7.025754917490465434e-01 2.997945894077365665e+04 3.038932028743736009e+04
1.633549864753692030e-02 4.099391204819984296e+02 7.025754553922581858e-01 2.997204619546040340e+04 3.038190432019674699e+04
1.665757703879372845e-02 4.099389757171007886e+02 7.025754175876901542e-01 2.995075474105469038e+04 3.036060955535895482e+04
1.698600567942782844e-02 4.099388251875196829e+02 7.025753782776892331e-01 2.991294010587160665e+04 3.032279152857948429e+04
1.732090977394923695e-02 4.099386686637035382e+02 7.025753374023073761e-01 2.985858550454373835e+04 3.026843345525005498e+04
1.766241699545906610e-02 4.099385059069599038e+02 7.025752948992096680e-01 2.978879633052588179e+04 3.019864072630919327e+04
1.801065753432145103e-02 4.099383366690931894e+02 7.025752507035787353e-01 2.970516663484977471e+04 3.011500738839571932e+04
1.836576414779518204e-02 4.099381606920237004e+02 7.025752047480156026e-01 2.960880681086638288e+04 3.001864383156159965e+04
1.872787221064367569e-02 4.099379777073962146e+02 7.025751569624375525e-01 2.950140793579310412e+04 2.991124112730846173e+04
1.909711976674300163e-02 4.099377874361697423e+02 7.025751072739716552e-01 2.938168942219657765e+04 2.979151869274160708e+04
1.947364758170741159e-02 4.099375895881922247e+02 7.025750556068435237e-01 2.924921000251736405e+04 2.965903526257006524e+04
1.985759919655228495e-02 4.099373838617584624e+02 7.025750018822597420e-01 2.910276051924758576e+04 2.951258168515411307e+04
2.024912098241539102e-02 4.099371699431501384e+02 7.025749460182902917e-01 2.894034888381119163e+04 2.935016588210858390e+04
2.064836219635679537e-02 4.099369475061570256e+02 7.025748879297437632e-01 2.876069514794948918e+04 2.917050791398250658e+04
2.105547503825910480e-02 4.099367162115798351e+02 7.025748275280341293e-01 2.856400532533393925e+04 2.897381379794659370e+04
2.147061470884962381e-02 4.099364757067138498e+02 7.025747647210504043e-01 2.835161180418600998e+04 2.876141592088891412e+04
2.189393946886628028e-02 4.099362256248100493e+02 7.025746994130108725e-01 2.812550448050332488e+04 2.853530417389833383e+04
2.232561069939031917e-02 4.099359655845166799e+02 7.025746315043228662e-01 2.788733716879872372e+04 2.829713236733064696e+04
2.276579296336850300e-02 4.099356951892976895e+02 7.025745608914245599e-01 2.763784702543300955e+04 2.804763765741710449e+04
2.321465406834814435e-02 4.099354140268281981e+02 7.025744874666337569e-01 2.737875696883616547e+04 2.778854295696991903e+04
2.367236513044934654e-02 4.099351216683658663e+02 7.025744111179778040e-01 2.711094820703944060e+04 2.752072947219069465e+04
2.413910063959821828e-02 4.099348176680975371e+02 7.025743317290267242e-01 2.683366697214156375e+04 2.724344344265839391e+04
2.461503852604650378e-02 4.099345015624593316e+02 7.025742491787129174e-01 2.654719677507071174e+04 2.695696838157043385e+04
2.510036022820272966e-02 4.099341728694303129e+02 7.025741633411497489e-01 2.625139819342332703e+04 2.666116487173560381e+04
2.559525076180054273e-02 4.099338310877971594e+02 7.025740740854361510e-01 2.594677773584402166e+04 2.635653942341070069e+04
2.609989879043098787e-02 4.099334756963908148e+02 7.025739812754601132e-01 2.563211675799658042e+04 2.604187340583000332e+04
2.661449669746549299e-02 4.099331061532915896e+02 7.025738847696886280e-01 2.530901234992387617e+04 2.571876390435075155e+04
2.713924065939660527e-02 4.099327218950032830e+02 7.025737844209530847e-01 2.497665979950546171e+04 2.538640621898398967e+04
2.767433072062517457e-02 4.099323223355937671e+02 7.025736800762248935e-01 2.463500228239777789e+04 2.504474353334234911e+04
2.821997086972168056e-02 4.099319068658031711e+02 7.025735715763825606e-01 2.428315943750864972e+04 2.469289550177569254e+04
2.877636911719139504e-02 4.099314748521142064e+02 7.025734587559673283e-01 2.392332169147108289e+04 2.433305254257001798e+04
2.934373757477285252e-02 4.099310256357857725e+02 7.025733414429329304e-01 2.355663341893841789e+04 2.396635902918461943e+04
2.992229253629952873e-02 4.099305585318513749e+02 7.025732194583825807e-01 2.318434956625552513e+04 2.359406990502617555e+04
3.051225456015605256e-02 4.099300728280730937e+02 7.025730926162949697e-01 2.280583800717342092e+04 2.321555305769786355e+04
3.111384855336023214e-02 4.099295677838564984e+02 7.025729607232430451e-01 2.242308373605098313e+04 2.283279347145987049e+04
3.172730385730255370e-02 4.099290426291228755e+02 7.025728235780968056e-01 2.203882079526676171e+04 2.244852516872149863e+04
3.235285433517647025e-02 4.099284965631336490e+02 7.025726809717174337e-01 2.165422682049995637e+04 2.206392577798930142e+04
3.299073846113246417e-02 4.099279287532729086e+02 7.025725326866396614e-01 2.126871300894904562e+04 2.167840650729261688e+04
3.364119941118966922e-02 4.099273383337759356e+02 7.025723784967380370e-01 2.088579434904595109e+04 2.129548231033030243e+04
3.430448515594035352e-02 4.099267244044119138e+02 7.025722181668835331e-01 2.050510101201653742e+04 2.091478336400286571e+04
3.498084855508178798e-02 4.099260860291104791e+02 7.025720514525861660e-01 2.012856672376586721e+04 2.053824337222325994e+04
3.567054745381218611e-02 4.099254222345365974e+02 7.025718780996179635e-01 1.975804303949954920e+04 2.016771386567617810e+04
3.637384478112735964e-02 4.099247320086066111e+02 7.025716978436312710e-01 1.939232787255652511e+04 1.980199277030960729e+04
3.709100865005503234e-02 4.099240142989470428e+02 7.025715104097515207e-01 1.903269040085454981e+04 1.944234924457218585e+04
3.782231245986573953e-02 4.099232680112908724e+02 7.025713155121586784e-01 1.868125816405327714e+04 1.909091079332647496e+04
3.856803500029903214e-02 4.099224920078090690e+02 7.025711128536537009e-01 1.833719103501958307e+04 1.874683729418636358e+04
3.932846055784421091e-02 4.099216851053794812e+02 7.025709021252029007e-01 1.800186839051740026e+04 1.841150809534841756e+04
4.010387902411718247e-02 4.099208460737827409e+02 7.025706830054683216e-01 1.767535940424667569e+04 1.808499235936041077e+04
4.089458600637345398e-02 4.099199736338287039e+02 7.025704551603181303e-01 1.735807276803404602e+04 1.776769876024371479e+04
4.170088294020051628e-02 4.099190664554078012e+02 7.025702182423152475e-01 1.705082720288524433e+04 1.746044599209072112e+04
4.252307720443213035e-02 4.099181231554646274e+02 7.025699718901895485e-01 1.675490920597737568e+04 1.716452051339800164e+04
4.336148223832790582e-02 4.099171422958922335e+02 7.025697157282879690e-01 1.647152319315207569e+04 1.688112669803319295e+04
4.421641766106360755e-02 4.099161223813412676e+02 7.025694493659987439e-01 1.620142787525680978e+04 1.661102321863822726e+04
4.508820939357749413e-02 4.099150618569419180e+02 7.025691723971586589e-01 1.594514932804906857e+04 1.635473611344573692e+04
4.597718978281846447e-02 4.099139591059368399e+02 7.025688843994336574e-01 1.570372410459583080e+04 1.611330188337061554e+04
4.688369772844470929e-02 4.099128124472186414e+02 7.025685849336733568e-01 1.547666344709114674e+04 1.588623174666543855e+04
4.780807881201969145e-02 4.099116201327706790e+02 7.025682735432433601e-01 1.526286536804584284e+04 1.567242370526079321e+04
4.875068542875586608e-02 4.099103803450040004e+02 7.025679497533295903e-01 1.506051592560585595e+04 1.547006382528918402e+04
4.971187692185594781e-02 4.099090911939911166e+02 7.025676130702120936e-01 1.486857626617826099e+04 1.527811324613882971e+04
5.069201971950246244e-02 4.099077507145887012e+02 7.025672629805155278e-01 1.468681735312013188e+04 1.509634290490220701e+04
5.169148747454871407e-02 4.099063568634450121e+02 7.025668989504249007e-01 1.451328828851647995e+04 1.492280192272700879e+04
5.271066120696393797e-02 4.099049075158899882e+02 7.025665204248725537e-01 1.434696143769535229e+04 1.475646266413479134e+04
5.374992944908651982e-02 4.099034004627009153e+02 7.025661268266922832e-01 1.418728962671172849e+04 1.459677794297856053e+04
5.480968839374156937e-02 4.099018334067407636e+02 7.025657175557391554e-01 1.403330299906368782e+04 1.444277790417274082e+04
5.589034204527885963e-02 4.099002039594606686e+02 7.025652919879757929e-01 1.388317840709073243e+04 1.429263943141684285e+04
5.699230237358810652e-02 4.098985096372658745e+02 7.025648494745210249e-01 1.373635977845884008e+04 1.414580644966907312e+04
5.811598947115182573e-02 4.098967478577371253e+02 7.025643893406610108e-01 1.359087891164244684e+04 1.400031080478793046e+04
5.926183171319372028e-02 4.098949159356996006e+02 7.025639108848199532e-01 1.344469066296771962e+04 1.385410741293169121e+04
6.043026592098535432e-02 4.098930110791401944e+02 7.025634133774951717e-01 1.329560919592703067e+04 1.370501051378712327e+04
6.162173752837253604e-02 4.098910303849578440e+02 7.025628960601396633e-01 1.314305440806095794e+04 1.355244003246656757e+04
6.283670075158458157e-02 4.098889708345487861e+02 7.025623581440102461e-01 1.298339088595055546e+04 1.339276070989110303e+04
6.407561876239205312e-02 4.098868292892164504e+02 7.025617988089654098e-01 1.281369367076488925e+04 1.322304773652522454e+04
6.533896386467868966e-02 4.098846024853949643e+02 7.025612172022149826e-01 1.263122573981389905e+04 1.304056425304444747e+04
6.662721767449393540e-02 4.098822870296903602e+02 7.025606124370206151e-01 1.243280430231347600e+04 1.284212767509793048e+04
6.794087130365655813e-02 4.098798793937194205e+02 7.025599835913467484e-01 1.222115789311644767e+04 1.263046649603175319e+04
6.928042554697724786e-02 4.098773759087443409e+02 7.025593297064535170e-01 1.199717157991806926e+04 1.240646581865872395e+04
7.064639107317322031e-02 4.098747727600987218e+02 7.025586497854380275e-01 1.176256205920614775e+04 1.217184233231532380e+04
7.203928861954701779e-02 4.098720659813880616e+02 7.025579427917150177e-01 1.151560825455823760e+04 1.192487512692529526e+04
7.345964919050314290e-02 4.098692514484625349e+02 7.025572076474388972e-01 1.125233703198087460e+04 1.166159137857901078e+04
7.490801425997917207e-02 4.098663248731506314e+02 7.025564432318612829e-01 1.096697696888551582e+04 1.137622011907335218e+04
7.638493597786831513e-02 4.098632817967449569e+02 7.025556483796236984e-01 1.066354981841919653e+04 1.107278303963552753e+04
7.789097738051103947e-02 4.098601175832287709e+02 7.025548218789844368e-01 1.034926863266166401e+04 1.075849291038423871e+04
7.942671260533797073e-02 4.098568274122362709e+02 7.025539624699717045e-01 1.002830597671566466e+04 1.043752215063704716e+04
8.099272710974377010e-02 4.098534062717308757e+02 7.025530688424660442e-01 9.703359918521100553e+03 1.011256874715303275e+04
8.258961789427697597e-02 4.098498489503983251e+02 7.025521396342034874e-01 9.376423633052016157e+03 9.785625821021400043e+03
8.421799373023065860e-02 4.098461500297342468e+02 7.025511734287055443e-01 9.050458955552601765e+03 9.459655067989981035e+03
8.587847539171936107e-02 4.098423038758209600e+02 7.025501687531181538e-01 8.728825457470351466e+03 9.138015861355825109e+03
8.757169589233268492e-02 4.098383046307797031e+02 7.025491240759714762e-01 8.414843214699507371e+03 8.824028045162001945e+03
8.929830072645481009e-02 4.098341462038821419e+02 7.025480378048493124e-01 8.111818496490684993e+03 8.520997617832161268e+03
9.105894811534111233e-02 4.098298222623139964e+02 7.025469082839637114e-01 7.822800236936862348e+03 8.231973220254894841e+03
9.285430925804784297e-02 4.098253262215702080e+02 7.025457337916355405e-01 7.550809655620172634e+03 7.959975736304352722e+03
9.468506858730794951e-02 4.098206512354725533e+02 7.025445125376749145e-01 7.298443617739434558e+03 7.707601685072666442e+03
9.655192403045276262e-02 4.098157901857936736e+02 7.025432426606549319e-01 7.068029538249715188e+03 7.477178113364441742e+03
9.845558727547812361e-02 4.098107356714691605e+02 7.025419222250817164e-01 6.860976485737337498e+03 7.270113763883106003e+03
1.003967840423556079e-01 4.098054799973858735e+02 7.025405492184478851e-01 6.677678758900470712e+03 7.086802675113411169e+03
1.023762543596937885e-01 4.098000151627267655e+02 7.025391215481703311e-01 6.518082539833630108e+03 6.927190791796935628e+03
1.043947528468544134e-01 4.097943328488562429e+02 7.025376370384092128e-01 6.380077632655446905e+03 6.789167888618589132e+03
1.064530490016299819e-01 4.097884244067282111e+02 7.025360934267556035e-01 6.261265904937230516e+03 6.670335852621875347e+03
1.085519274935941719e-01 4.097822808437978210e+02 7.025344883607919089e-01 6.158588794412833522e+03 6.567636243200508034e+03
1.106921884632361269e-01 4.097758928104173037e+02 7.025328193945142852e-01 6.067877411228769233e+03 6.476900468844030911e+03
1.128746478269916365e-01 4.097692505856959997e+02 7.025310839846138355e-01 5.984546942252429290e+03 6.393544133788930594e+03
1.151001375882899636e-01 4.097623440628044591e+02 7.025292794866085933e-01 5.903818537046629899e+03 6.312788911979881959e+03
1.173695061547318091e-01 4.097551627337003879e+02 7.025274031508235151e-01 5.821197991883684153e+03 6.230141178000750187e+03
1.196836186615220371e-01 4.097476956732526787e+02 7.025254521182110468e-01 5.732460713985277835e+03 6.141376975202965696e+03
1.220433573012793399e-01 4.097399315227440866e+02 7.025234234160062652e-01 5.633503823803889645e+03 6.042394142265962728e+03
1.244496216603475924e-01 4.097318584727232178e+02 7.025213139532093809e-01 5.521197783785693900e+03 5.930063814673566412e+03
1.269033290617390120e-01 4.097234642451839477e+02 7.025191205158878294e-01 5.393313441488634453e+03 5.802157459756900607e+03
1.294054149148391175e-01 4.097147360750479947e+02 7.025168397622948424e-01 5.249484530612183335e+03 5.658309194112854129e+03
1.319568330720052585e-01 4.097056606909175116e+02 7.025144682177936195e-01 5.089713526711198938e+03 5.498521847031689504e+03
1.345585561921980311e-01 4.096962242950774566e+02 7.025120022695788835e-01 4.915757565580970549e+03 5.324552614570975493e+03
1.372115761117801147e-01 4.096864125427105137e+02 7.025094381611938221e-01 4.730958916397667053e+03 5.139743502831830483e+03
1.399169042226274806e-01 4.096762105203030728e+02 7.025067719868235416e-01 4.538721247221119484e+03 4.947497832199343065e+03
1.426755718576954435e-01 4.096656027232030510e+02 7.025039996853673641e-01 4.344384400579253452e+03 4.753154615894960443e+03
1.454886306841855770e-01 4.096545730323031194e+02 7.025011170342780886e-01 4.152771122830778950e+03 4.561535726560809962e+03
1.483571531044657332e-01 4.096431046898115369e+02 7.024981196431504538e-01 3.970006950926665013e+03 4.378765383356942948e+03
1.512822326648947391e-01 4.096311802740787016e+02 7.024950029470636848e-01 3.801204639609638434e+03 4.209955042175758535e+03
1.542649844727063402e-01 4.096187816734438343e+02 7.024917621996570327e-01 3.650354852580854640e+03 4.059094138247514820e+03
1.573065456211147073e-01 4.096058900590580834e+02 7.024883924659324208e-01 3.519595294242079490e+03 3.928319435182381312e+03
1.604080756227993232e-01 4.095924858566565376e+02 7.024848886147712079e-01 3.409509664859167970e+03 3.818213977777234504e+03
1.635707568519381983e-01 4.095785487172263402e+02 7.024812453111590749e-01 3.318045704621416462e+03 3.726725498880555278e+03
1.667957949949565033e-01 4.095640574865404346e+02 7.024774570081003811e-01 3.242147238754809223e+03 3.650798141707606646e+03
1.700844195101607614e-01 4.095489901735067519e+02 7.024735179382145533e-01 3.177990095291263060e+03 3.586608370499697230e+03
1.734378840964369284e-01 4.095333239172902040e+02 7.024694221050024057e-01 3.120525177019745570e+03 3.529108237080539766e+03
1.768574671711897472e-01 4.095170349531624652e+02 7.024651632737645146e-01 3.065235642401076802e+03 3.473782094779318868e+03
1.803444723577035391e-01 4.095000985770324178e+02 7.024607349621649899e-01 3.006598162670093643e+03 3.415108350944661652e+03
1.839002289821137781e-01 4.094824891086028629e+02 7.024561304304239862e-01 2.939944825913902150e+03 3.348420821024790257e+03
1.875260925801771617e-01 4.094641798531098402e+02 7.024513426711177511e-01 2.861549244599310896e+03 3.269994775613527963e+03
1.912234454140315509e-01 4.094451430615837353e+02 7.024463643985835448e-01 2.770773592642840413e+03 3.179193142184427415e+03
1.949936969991474811e-01 4.094253498895857888e+02 7.024411880379064499e-01 2.669311695538798631e+03 3.077709681861685112e+03
1.988382846416662519e-01 4.094047703543553212e+02 7.024358057134696409e-01 2.560688804029262428e+03 2.969068791203843375e+03
2.027586739863345699e-01 4.093833732903146370e+02 7.024302092370576789e-01 2.449413323902151660e+03 2.857777431900471129e+03
2.067563595752424099e-01 4.093611263028698772e+02 7.024243900954909581e-01 2.339765737050004645e+03 2.748114474961480482e+03
2.108328654175754546e-01 4.093379957204431321e+02 7.024183394377746525e-01 2.236654394860916000e+03 2.644986101145238536e+03
2.149897455706028526e-01 4.093139465446751046e+02 7.024120480617431772e-01 2.143597489450210105e+03 2.551908631807335951e+03
2.192285847321200076e-01 4.092889423987284090e+02 7.024055064001800686e-01 2.062973676502122544e+03 2.471259124264884576e+03
2.235509988445701646e-01 4.092629454736252796e+02 7.023987045063954104e-01 1.995298137451830144e+03 2.403551882972029489e+03
2.279586357110803818e-01 4.092359164725459664e+02 7.023916320392360468e-01 1.938663823899752742e+03 2.346880164484844499e+03
2.324531756236401514e-01 4.092078145530165898e+02 7.023842782475095969e-01 1.889819420380212250e+03 2.297993796676251350e+03
2.370363320036679433e-01 4.091785972669139824e+02 7.023766319538000680e-01 1.844764801737097514e+03 2.252894455874862160e+03
2.417098520552071750e-01 4.091482204982003168e+02 7.023686815376468662e-01 1.799104164833237064e+03 2.207188699251992603e+03
2.464755174309990471e-01 4.091166383983188553e+02 7.023604149180718847e-01 1.749290996038367439e+03 2.157332247016147448e+03
2.513351449116900671e-01 4.090838033191598129e+02 7.023518195354211402e-01 1.693453119158895561e+03 2.101454439014088166e+03
2.562905870984309442e-01 4.090496657435170391e+02 7.023428823324949777e-01 1.631654985453027166e+03 2.039620172358334457e+03
2.613437331191290625e-01 4.090141742129432032e+02 7.023335897349518575e-01 1.565938651663326937e+03 1.973870615770897984e+03
2.664965093486290626e-01 4.089772752529166269e+02 7.023239276309368728e-01 1.499333327346943179e+03 1.907233198710345278e+03
2.717508801430891796e-01 4.089389132952301793e+02 7.023138813499274491e-01 1.435113527892477123e+03 1.842980158005773774e+03
2.771088485888397179e-01 4.088990305974980402e+02 7.023034356407512613e-01 1.376276822590220718e+03 1.784106622811909347e+03
2.825724572660058831e-01 4.088575671596940992e+02 7.022925746487539422e-01 1.324419452726334839e+03 1.732207145875585411e+03
2.881437890271848490e-01 4.088144606376148431e+02 7.022812818920737277e-01 1.279551514770212634e+03 1.687291229576207570e+03
2.938249677914770985e-01 4.087696462531662860e+02 7.022695402370077167e-01 1.240070510027294858e+03 1.647757141044267428e+03
2.996181593541742405e-01 4.087230567013706377e+02 7.022573318724151248e-01 1.203469120248430499e+03 1.611099321839339154e+03
3.055255722124076145e-01 4.086746220539858996e+02 7.022446382831321054e-01 1.166940774491828051e+03 1.574513565188048233e+03
3.115494584070800377e-01 4.086242696596253836e+02 7.022314402223653884e-01 1.128544741669133828e+03 1.536061054169091676e+03
3.176921143813934423e-01 4.085719240402685841e+02 7.022177176830135537e-01 1.087516146894652138e+03 1.494977933011393816e+03
3.239558818563064713e-01 4.085175067840474412e+02 7.022034498678886294e-01 1.044604228198604005e+03 1.452012996365215713e+03
3.303431487232528219e-01 4.084609364341901028e+02 7.021886151587878322e-01 1.001814739029279508e+03 1.409170070247853801e+03
3.368563499544582895e-01 4.084021283740053718e+02 7.021731910843836966e-01 9.608557976824492926e+02 1.368155358509990037e+03
3.434979685312089526e-01 4.083409947077847733e+02 7.021571542868718652e-01 9.233975254455516506e+02 1.330636805695647126e+03
3.502705363904211611e-01 4.082774441375000833e+02 7.021404804873524474e-01 8.897609439084142195e+02 1.296934599156712920e+03
3.571766353898719881e-01 4.082113818351718919e+02 7.021231444498802210e-01 8.592128043779839572e+02 1.266315918446027354e+03
3.642188982924635110e-01 4.081427093107821520e+02 7.021051199441453727e-01 8.303059830320919446e+02 1.237335135695941972e+03
3.714000097698931246e-01 4.080713242756016257e+02 7.020863797067304901e-01 8.016693496268528634e+02 1.208622785446277476e+03
3.787227074261094173e-01 4.079971205008061474e+02 7.020668954008940643e-01 7.722725039199794992e+02 1.179149924562032993e+03
3.861897828409524003e-01 4.079199876712487480e+02 7.020466375748285470e-01 7.423158059135161011e+02 1.149116751589274145e+03
3.938040826343648382e-01 4.078398112342565582e+02 7.020255756183357843e-01 7.127011158163966229e+02 1.119423831144585847e+03
4.015685095515900693e-01 4.077564722433240263e+02 7.020036777178609855e-01 6.844157125778664295e+02 1.091056794158396769e+03
4.094860235697660999e-01 4.076698471965670478e+02 7.019809108098360451e-01 6.580571621852357111e+02 1.064611962109200704e+03
4.175596430263343040e-01 4.075798078698117024e+02 7.019572405322619391e-01 6.336414633930626223e+02 1.040104936539481514e+03
4.257924457696995457e-01 4.074862211441804902e+02 7.019326311744724656e-01 6.105720916803710452e+02 1.016939886236098232e+03
4.341875703325780433e-01 4.073889488280552200e+02 7.019070456250198209e-01 5.881159749340251892e+02 9.943848370601822353e+02
4.427482171284746748e-01 4.072878474732799532e+02 7.018804453176091807e-01 5.658625781853969556e+02 9.720299145885207963e+02
4.514776496717573528e-01 4.071827681854881575e+02 7.018527901750182263e-01 5.437804395220975948e+02 9.498436574639467835e+02
4.603791958217800517e-01 4.070735564284223642e+02 7.018240385509361134e-01 5.223030694840522301e+02 9.282585902263454045e+02
4.694562490515405973e-01 4.069600518221359380e+02 7.017941471696427236e-01 5.018177039684124452e+02 9.076609174150893296e+02
4.787122697413511707e-01 4.068420879349564530e+02 7.017630710634659152e-01 4.824320737398809911e+02 8.881578386220010088e+02
4.881507864980121347e-01 4.067194920691060247e+02 7.017307635079270689e-01 4.640437090546031413e+02 8.696468006449121049e+02
4.977753974999984399e-01 4.065920850398715629e+02 7.016971759545171938e-01 4.463047430991971964e+02 8.517804842786792960e+02
5.075897718691696481e-01 4.064596809482336539e+02 7.016622579610075627e-01 4.289725706623137285e+02 8.343166753959557127e+02
5.175976510695191601e-01 4.063220869468609067e+02 7.016259571192243749e-01 4.120854900107564731e+02 8.172933899921956709e+02
5.278028503335103760e-01 4.061791029993975144e+02 7.015882189802022939e-01 3.957717333036455898e+02 8.008382998351639799e+02
5.382092601165263668e-01 4.060305216329691689e+02 7.015489869766338149e-01 3.801713714665296493e+02 7.850908133365954882e+02
5.488208475800028241e-01 4.058761276838608296e+02 7.015082023425266433e-01 3.652741328308803759e+02 7.700403739089514374e+02
5.596416581038012872e-01 4.057156980363132561e+02 7.014658040299822650e-01 3.509550348423859418e+02 7.555620624757268615e+02
5.706758168283985189e-01 4.055490013544213639e+02 7.014217286230101100e-01 3.371098647323853470e+02 7.415517044191245759e+02
5.819275302274846684e-01 4.053757978071171237e+02 7.013759102482803875e-01 3.237080637886743943e+02 7.279785647924675231e+02
5.934010877115700744e-01 4.051958387862505901e+02 7.013282804827273287e-01 3.107914748435155161e+02 7.148840548000957824e+02
6.051008632632021156e-01 4.050088666177925347e+02 7.012787682579124660e-01 2.983860184805379845e+02 7.022936838607101890e+02
6.170313171044323752e-01 4.048146142662185412e+02 7.012272997610408121e-01 2.864813462246841596e+02 6.901967994003985041e+02
6.291969973971505148e-01 4.046128050321462979e+02 7.011737983325532220e-01 2.750420514837195469e+02 6.785577782333841697e+02
6.416025419769502136e-01 4.044031522433330679e+02 7.011181843601779207e-01 2.640359230662334653e+02 6.673441823158685793e+02
6.542526801211795418e-01 4.041853589391719765e+02 7.010603751693618158e-01 2.534399368712210503e+02 6.565327231390748466e+02
6.671522343518461184e-01 4.039591175488522481e+02 7.010002849099666866e-01 2.432322967177661326e+02 6.461013314580425231e+02
6.803061222740746095e-01 4.037241095633937675e+02 7.009378244391483159e-01 2.334156024420110782e+02 6.360522169217820192e+02
6.937193584508122290e-01 4.034800052017982352e+02 7.008729012003039882e-01 2.239676065459418908e+02 6.263628412886204160e+02
7.073970563144909018e-01 4.032264630716078386e+02 7.008054190980043119e-01 2.148940142379786948e+02 6.170384752758546938e+02
7.213444301163866035e-01 4.029631298242068738e+02 7.007352783688013398e-01 2.061645539803319309e+02 6.080485765567013914e+02
7.355667969144136231e-01 4.026896398052531367e+02 7.006623754478231714e-01 1.977835709392550143e+02 5.993970348907032530e+02
7.500695786001031484e-01 4.024056147006828041e+02 7.005866028310511195e-01 1.897236438489197781e+02 5.910561286417408837e+02
7.648583039655585392e-01 4.021106631787862398e+02 7.005078489331979519e-01 1.819776118458805172e+02 5.830182798327205091e+02
7.799386108111522331e-01 4.018043805289265151e+02 7.004259979410809578e-01 1.745369590741821071e+02 5.752745486680938711e+02
7.953162480947858493e-01 4.014863482975313218e+02 7.003409296624141245e-01 1.673860405564959137e+02 5.678088973546647367e+02
8.109970781235277260e-01 4.011561339220695004e+02 7.002525193699233874e-01 1.605162707321290441e+02 5.606122936375323889e+02
8.269870787884526786e-01 4.008132903637999789e+02 7.001606376407086829e-01 1.539206621953857450e+02 5.536772783095955219e+02
8.432923458435540587e-01 4.004573557401732842e+02 7.000651501907741991e-01 1.475840643997206314e+02 5.469882712422163422e+02
8.599190952295866497e-01 4.000878529578427560e+02 6.999659177046537728e-01 1.414995852448429332e+02 5.405378823462440323e+02
8.768736654437196965e-01 3.997042893473588947e+02 6.998627956600647071e-01 1.356680113456580443e+02 5.343263248391381239e+02
8.941625199559237736e-01 3.993061563007079258e+02 6.997556341475364983e-01 1.300619436352260152e+02 5.283258263361283298e+02
9.117922496729874426e-01 3.988929289129818017e+02 6.996442776849520762e-01 1.246757007627733032e+02 5.225301599362946945e+02
9.297695754511243749e-01 3.984640656295668464e+02 6.995285650269719158e-01 1.195095849064233278e+02 5.169390129183365161e+02
9.481013506581196237e-01 3.980190079003808705e+02 6.994083289693006078e-01 1.145532490268983565e+02 5.115414931920664685e+02
9.667945637859854946e-01 3.975571798428110810e+02 6.992833961477752380e-01 1.097874930019776372e+02 5.063179264443515422e+02
9.858563411151367584e-01 3.970779879151440923e+02 6.991535868322723557e-01 1.052142609089088836e+02 5.012695785209792803e+02
1.005293949431093736e+00 3.965808206024322544e+02 6.990187147154315328e-01 1.008284979081210366e+02 4.963907579521825255e+02
1.025114798794745541e+00 3.960650481168939336e+02 6.988785866962228255e-01 9.662047103659003255e+01 4.916711250463941951e+02
1.045326445367232626e+00 3.955300221150997118e+02 6.987330026583906672e-01 9.258075764961137111e+01 4.871006353554445241e+02
1.065936594290531003e+00 3.949750754343813242e+02 6.985817552438361444e-01 8.870223005625176427e+01 4.826715017341443854e+02
1.086953102624827805e+00 3.943995218510672203e+02 6.984246296210055993e-01 8.498905931950564252e+01 4.783870875761541583e+02
1.108383982343810192e+00 3.938026558633321770e+02 6.982614032483976940e-01 8.142600885056992865e+01 4.742315506801794527e+02
1.130237403389021678e+00 3.931837525016535437e+02 6.980918456333042865e-01 7.800132371115986984e+01 4.701924862354202332e+02
1.152521696784417626e+00 3.925420671700507000e+02 6.979157180859328902e-01 7.471915958394414758e+01 4.662731846984959247e+02
1.175245357812350733e+00 3.918768355214971848e+02 6.977327734691068928e-01 7.157711709822490320e+01 4.624704351277506476e+02
1.198417049252165301e+00 3.911872733711072101e+02 6.975427559437362701e-01 6.856006998196363611e+01 4.587684575306305419e+02
1.222045604682645781e+00 3.904725766509085361e+02 6.973454007103236929e-01 6.567036845663464817e+01 4.551686934301150131e+02
1.246140031849577889e+00 3.897319214102406022e+02 6.971404337467747014e-01 6.289990728363954986e+01 4.516622563937042401e+02
1.270709516099716607e+00 3.889644638660320197e+02 6.969275715428496776e-01 6.023948581079745423e+01 4.482391725017532735e+02
1.295763423882434928e+00 3.881693405074449856e+02 6.967065208316211011e-01 5.768803393158857062e+01 4.448974574864860188e+02
1.321311306320440249e+00 3.873456682595933103e+02 6.964769783183468732e-01 5.524468556048469026e+01 4.416353025960587502e+02
1.347362902850876454e+00 3.864925447112665324e+02 6.962386304072377685e-01 5.290521508625737823e+01 4.384475742416619255e+02
1.373928144938218354e+00 3.856090484118165023e+02 6.959911529266302743e-01 5.065945553430736936e+01 4.353232919360895607e+02
1.401017159860384220e+00 3.846942392425744401e+02 6.957342108531486824e-01 4.850655193093723483e+01 4.322606083504633148e+02
1.428640274569469071e+00 3.837471588683790173e+02 6.954674580354943680e-01 4.644392573546540604e+01 4.292559635075018605e+02
1.456808019628625717e+00 3.827668312749913184e+02 6.951905369185800154e-01 4.446663963924062557e+01 4.263034697673200526e+02
1.485531133226553724e+00 3.817522633983586502e+02 6.949030782687724006e-01 4.257594759734404022e+01 4.234032864249023760e+02
1.514820565271142838e+00 3.807024458518575898e+02 6.946047009011161455e-01 4.076021256403524973e+01 4.205429436117742625e+02
1.544687481563824738e+00 3.796163537577976399e+02 6.942950114094628145e-01 3.902147811143183276e+01 4.177233471846784028e+02
1.575143268056245160e+00 3.784929476895826497e+02 6.939736039005259816e-01 3.735780224605227318e+01 4.149414847624489084e+02
1.606199535190829142e+00 3.773311747310402779e+02 6.936400597329861473e-01 3.576083745274294756e+01 4.121880854300508759e+02
1.637868122326961551e+00 3.761299696594722377e+02 6.932939472628300015e-01 3.423549347374735419e+01 4.094667987672769982e+02
1.670161102254416274e+00 3.748882562590212046e+02 6.929348215962527480e-01 3.276983701015929995e+01 4.067648518676946878e+02
1.703090785795778439e+00 3.736049487709229879e+02 6.925622243515189291e-01 3.137000099213510396e+01 4.040870576787963842e+02
1.736669726499624256e+00 3.722789534871488968e+02 6.921756834313128603e-01 3.002694433831419829e+01 4.014234592264430717e+02
1.770910725426200427e+00 3.709091704938260818e+02 6.917747128072141427e-01 2.874023059764303767e+01 3.987724667812499888e+02
1.805826836027494720e+00 3.694944955706339442e+02 6.913588123180549605e-01 2.750832770348162626e+01 3.961314197456214856e+02
1.841431369123507800e+00 3.680338222521332909e+02 6.909274674840467645e-01 2.632821705792952116e+01 3.934962169175929603e+02
1.877737897976637260e+00 3.665260440566613056e+02 6.904801493386865108e-01 2.519942767920543503e+01 3.908652245685379967e+02
1.914760263466131596e+00 3.649700568880185187e+02 6.900163142805934013e-01 2.411708517360227688e+01 3.882325584055278682e+02
1.952512579364527490e+00 3.633647616146861310e+02 6.895354039475567465e-01 2.308278464789666273e+01 3.855985884356663291e+02
1.991009237718156966e+00 3.617090668307326951e+02 6.890368451152317775e-01 2.209118381196718417e+01 3.829570033381586427e+02
2.030264914333721471e+00 3.600018918018751037e+02 6.885200496230425848e-01 2.114305293042903955e+01 3.803073951247903324e+02
2.070294574373046093e+00 3.582421695993759272e+02 6.879844143300231085e-01 2.023559682618457600e+01 3.776459386455610456e+02
2.111113478058133985e+00 3.564288504235561845e+02 6.874293211034505635e-01 1.936579582249248332e+01 3.749686200135618606e+02
2.152737186488733023e+00 3.545609051176713820e+02 6.868541368432928840e-01 1.853152291969708543e+01 3.722723106443496590e+02
2.195181567574555626e+00 3.526373288717684318e+02 6.862582135456302135e-01 1.773398964901457120e+01 3.695570983078058021e+02
2.238462802084505210e+00 3.506571451148617484e+02 6.856408884083504685e-01 1.697061720409941543e+01 3.668194738039242679e+02
2.282597389815152145e+00 3.486194095923696636e+02 6.850014839825777635e-01 1.623906254113088110e+01 3.640561946954146606e+02
2.327602155880828416e+00 3.465232146242277054e+02 6.843393083734070625e-01 1.553947454601496148e+01 3.612664290422814588e+02
2.373494257127765739e+00 3.443676935374328991e+02 6.836536554936682997e-01 1.486995770423355268e+01 3.584474419021902349e+02
2.420291188674648541e+00 3.421520252649871736e+02 6.829438053745502391e-01 1.422791550542486227e+01 3.555958888459109630e+02
2.468010790582172209e+00 3.398754391012976726e+02 6.822090245370292516e-01 1.361418922437099965e+01 3.527117309310984865e+02
2.516671254654078815e+00 3.375372196020668412e+02 6.814485664281374477e-01 1.302571207056840485e+01 3.497912941410692156e+02
2.566291131372286483e+00 3.351367116145630121e+02 6.806616719262014170e-01 1.246233276133869516e+01 3.468337203677931484e+02
2.616889336968755142e+00 3.326733254219264495e+02 6.798475699192064736e-01 1.192319712693421430e+01 3.438375535581649274e+02
2.668485160636805631e+00 3.301465419828539893e+02 6.790054779605174673e-01 1.140741841706375048e+01 3.408013788997167808e+02
2.721098271884569986e+00 3.275559182456123608e+02 6.781346030061697894e-01 1.091362608223104225e+01 3.377234083994622438e+02
2.774748728033479939e+00 3.249010925128964686e+02 6.772341422379261067e-01 1.044036198888261779e+01 3.346018606693055517e+02
2.829456981864570952e+00 3.221817898315990760e+02 6.763032839762503912e-01 9.987469868114812854e+00 3.314362556109843467e+02
2.885243889415543883e+00 3.193978273791059905e+02 6.753412086872404574e-01 9.554004582978990356e+00 3.282254716919661632e+02
2.942130717931587203e+00 3.165491198153009691e+02 6.743470900874403151e-01 9.138878381993642108e+00 3.249683571587933102e+02
3.000139153972902761e+00 3.136356845671310793e+02 6.733200963502469216e-01 8.741280068776095646e+00 3.216641227584232183e+02
3.059291311682140524e+00 3.106576470103125303e+02 6.722593914174044283e-01 8.360579307680040984e+00 3.183122559128565854e+02
3.119609741214812271e+00 3.076152455106619641e+02 6.711641364187730385e-01 7.996283360680594754e+00 3.149124839771026245e+02
3.181117437335917231e+00 3.045088362856022854e+02 6.700334912032046564e-01 7.647484020780073166e+00 3.114642742232330761e+02
3.243837848186100548e+00 3.013388980446845835e+02 6.688666159829270708e-01 7.313714793360349020e+00 3.079676221004252739e+02
3.307794884220580656e+00 2.981060363665356476e+02 6.676626730933411524e-01 6.994029197506779205e+00 3.044222165973786787e+02
3.373012927324388954e+00 2.948109877684946127e+02 6.664208288695547822e-01 6.687858427523868166e+00 3.008282241849601064e+02
3.439516840107293305e+00 2.914546234244404559e+02 6.651402556403251953e-01 6.395142492978590276e+00 2.971864041921279522e+02
3.507331975381996703e+00 2.880379524859087041e+02 6.638201338393237005e-01 6.114625057405441488e+00 2.934965811575524981e+02
3.576484185829199802e+00 2.845621249616534669e+02 6.624596542328233806e-01 5.845969213980537482e+00 2.897595504318291546e+02
3.646999833853263429e+00 2.810284341113076607e+02 6.610580202619614765e-01 5.589115309930228648e+00 2.859764958094593226e+02
3.718905801632117036e+00 2.774383183098183849e+02 6.596144504967280664e-01 5.342960616867763690e+00 2.821478223629979425e+02
3.792229501365389943e+00 2.737933623408328003e+02 6.581281811977097718e-01 5.107541335290738616e+00 2.782750929165683260e+02
3.866998885724558299e+00 2.700952980793020402e+02 6.565984689804155172e-01 4.881912292580271817e+00 2.743591546119624809e+02
3.943242458509138793e+00 2.663460045261518303e+02 6.550245935757111893e-01 4.666095315305761382e+00 2.704018527802197696e+02
4.020989285513018707e+00 2.625475071610377995e+02 6.534058606785069223e-01 4.459544465009936509e+00 2.664046829211774252e+02
4.100269005604952000e+00 2.587019765828900404e+02 6.517416048753780222e-01 4.261880921535160738e+00 2.623694340161609944e+02
4.181111842027610770e+00 2.548117264121528081e+02 6.500311926402477791e-01 4.072513044259154391e+00 2.582978578554834712e+02
4.263548613919363461e+00 2.508792104333330428e+02 6.482740253856824619e-01 3.891386831218595965e+00 2.541923102921987834e+02
4.347610748063238439e+00 2.469070189616144546e+02 6.464695425556651331e-01 3.717990373332972442e+00 2.500548925036173955e+02
4.433330290867522727e+00 2.428978744228548408e+02 6.446172247440603575e-01 3.552189483037524464e+00 2.458881610284589954e+02
4.520739920582619753e+00 2.388546261421745669e+02 6.427165968212542602e-01 3.393578916176794635e+00 2.416945707008106865e+02
4.609872959758697597e+00 2.347802443425613887e+02 6.407672310497793955e-01 3.241722720409739189e+00 2.374766754678760492e+02
4.700763387949036698e+00 2.306778133613013324e+02 6.387687501680610058e-01 3.096522610580470403e+00 2.332374272479355000e+02
4.793445854663807459e+00 2.265505240986376236e+02 6.367208304198184177e-01 2.957427947514953193e+00 2.289795109734821210e+02
4.887955692579245337e+00 2.224016657196936251e+02 6.346232045051568571e-01 2.824437936720002540e+00 2.247061662413714771e+02
4.984328931007314445e+00 2.182346166373567939e+02 6.324756644279876383e-01 2.697137913480331051e+00 2.204203826722342399e+02
5.082602309630846804e+00 2.140528348104359679e+02 6.302780642132028710e-01 2.575299149185160008e+00 2.161253844856504429e+02
5.182813292509588443e+00 2.098598473978701406e+02 6.280303224660029882e-01 2.458787172610239047e+00 2.118245419621080430e+02
5.285000082362347307e+00 2.056592398161028257e+02 6.257324247450138932e-01 2.347383181492915583e+00 2.075212162854316205e+02
5.389201635130731027e+00 2.014546442528102830e+02 6.233844257203262629e-01 2.240710292965308437e+00 2.032186926023240687e+02
5.495457674830086958e+00 1.972497276960005479e+02 6.209864510874293364e-01 2.138721807831370114e+00 1.989205544717981127e+02
5.603808708693140517e+00 1.930481795430347347e+02 6.185386992082265722e-01 2.041126893573981693e+00 1.946302165473728962e+02
5.714296042612323490e+00 1.888536988593005219e+02 6.160414424509118581e-01 1.947845323882180457e+00 1.903512691110800574e+02
5.826961796886510392e+00 1.846699813611343188e+02 6.134950282015612100e-01 1.858718267067091423e+00 1.860872381350485227e+02
5.941848922278245126e+00 1.805007062020456203e+02 6.108998795218127942e-01 1.773419726382267969e+00 1.818415077206888100e+02
6.059001216387535749e+00 1.763495226453873101e+02 6.082564954290369252e-01 1.691876861621669947e+00 1.776176274293669906e+02
6.178463340348555377e+00 1.722200367102710175e+02 6.055654507779378859e-01 1.613886500135115476e+00 1.734190059661401051e+02
6.300280835855414097e+00 1.681157978807673317e+02 6.028273957256172766e-01 1.539368400012713245e+00 1.692490887975711757e+02
6.424500142523739576e+00 1.640402859711607277e+02 6.000430547656729896e-01 1.468154126353621747e+00 1.651111870498228882e+02
6.551168615594511913e+00 1.599968982422817874e+02 5.972132253210394870e-01 1.400024583331712202e+00 1.610084948728796235e+02
6.680334543986950813e+00 1.559889368655862825e+02 5.943387758897934470e-01 1.334957701128258734e+00 1.569442560852320128e+02
6.812047168707409561e+00 1.520195968326658544e+02 5.914206437431449581e-01 1.272815475243913808e+00 1.529215236195586272e+02
6.946356701621091645e+00 1.480919544081489789e+02 5.884598321801732812e-01 1.213423316060613821e+00 1.489432078131892183e+02
7.083314344594016099e+00 1.442089562233482525e+02 5.854574073494734909e-01 1.156658548949814458e+00 1.450121284117975051e+02
7.222972309012329006e+00 1.403734091064265783e+02 5.824144946536936596e-01 1.102411688841405057e+00 1.411309760888751725e+02
7.365383835686458269e+00 1.365879707420722582e+02 5.793322747588186550e-01 1.050682617359377735e+00 1.373023681567354117e+02
7.510603215147792611e+00 1.328551412495202442e+02 5.762119792358848525e-01 1.001276776167185689e+00 1.335286319263456392e+02
7.658685808345383705e+00 1.291772557620257373e+02 5.730548858684710867e-01 9.540548376301658529e-01 1.298119706080618698e+02
7.809688067750862217e+00 1.255564780833236824e+02 5.698623136646248089e-01 9.089886506183452175e-01 1.261544918943225184e+02
7.963667558879401476e+00 1.219947954870481794e+02 5.666356176167590686e-01 8.659551283277343581e-01 1.225580646914011567e+02
8.120682982235004843e+00 1.184940147133096389e+02 5.633761832573189743e-01 8.248982050880548922e-01 1.190244228824959691e+02
8.280794195688466530e+00 1.150557592025755298e+02 5.600854210615296980e-01 7.856966770389188781e-01 1.155550761790128007e+02
8.444062237296622087e+00 1.116814675906524883e+02 5.567647607512279384e-01 7.482959479436108730e-01 1.121513938913807209e+02
8.610549348571362671e+00 1.083723934700849867e+02 5.534156455554993803e-01 7.125990851883473587e-01 1.088145346903093866e+02
8.780318998207578218e+00 1.051296064029590553e+02 5.500395264845640009e-01 6.785577462971985607e-01 1.055455050341294481e+02
8.953435906278864209e+00 1.019539941485016072e+02 5.466378566730218935e-01 6.460772245445111084e-01 1.023451021675966359e+02
9.129966068910277954e+00 9.884626604671105099e+01 5.432120858472119229e-01 6.150842684764028512e-01 9.921395988037447466e+01
9.309976783437637238e+00 9.580695747756270464e+01 5.397636549690567609e-01 5.855247532223064599e-01 9.615255085763486420e+01
9.493536674062704961e+00 9.283643529529315686e+01 5.362939911055384368e-01 5.573406243714640329e-01 9.316117802799269043e+01
9.680715718014365478e+00 8.993490412021127156e+01 5.328045025688820102e-01 5.304704785642099241e-01 9.023998140437673499e+01
9.871585272225535945e+00 8.710241335783189243e+01 5.292965743679314272e-01 5.048519767611353570e-01 8.738894666127374933e+01
1.006621810053605692e+01 8.433886480814237530e+01 5.257715640061737528e-01 4.804592962266997502e-01 8.460793381009530378e+01
1.026468840143190953e+01 8.164402072756450934e+01 5.222307976566905596e-01 4.571612459602701906e-01 8.189660554782334145e+01
1.046707183633146698e+01 7.901751221324413166e+01 5.186755667392283220e-01 4.350455908994820264e-01 7.925461640454555834e+01
1.067344555842922382e+01 7.645884779371151296e+01 5.151071249197868296e-01 4.139593783766520874e-01 7.668136608659595765e+01
1.088388824210844774e+01 7.396742213092302620e+01 5.115266855488880271e-01 3.938306169996974582e-01 7.417618773442903546e+01
1.109848011293362902e+01 7.154252476470570343e+01 5.079354195511676107e-01 3.746181063382101328e-01 7.173832744840755993e+01
1.131730297823428089e+01 6.918334885926938682e+01 5.043344537762493029e-01 3.563529362862536409e-01 6.936697330471008627e+01
1.154044025829185394e+01 6.688899993970203184e+01 5.007248698191102410e-01 3.389230403205241160e-01 6.706115202886560667e+01
1.176797701814132324e+01 6.465850463072179366e+01 4.971077033172561777e-01 3.223356690378758049e-01 6.481987441999743282e+01
1.200000000000000178e+01 6.249081942683827862e+01 4.934839437318830901e-01 3.065635146443513870e-01 6.264206386024522288e+01
