1.000000000000000048e-04 3.100869125296936204e+02 6.925047031156398303e-01 5.698400000000000318e+02 8.799269125296937091e+02
1.019716471361305476e-04 3.100869125260842338e+02 6.925047031144578868e-01 5.806157348430105003e+02 8.907026473671128315e+02
1.039821681965551214e-04 3.100869125223310334e+02 6.925047031132289810e-01 5.915957243743907839e+02 9.016826368926026589e+02
1.060323296378889427e-04 3.100869125184288464e+02 6.925047031119513363e-01 6.027934385459934674e+02 9.128803510580009970e+02
1.081229130285668875e-04 3.100869125143711926e+02 6.925047031106226214e-01 6.141730615973174281e+02 9.242599741027893288e+02
1.102547153467954490e-04 3.100869125101515351e+02 6.925047031092411709e-01 6.257672875709287155e+02 9.358542000695163097e+02
1.124285492843794300e-04 3.100869125057643600e+02 6.925047031078042092e-01 6.376085981189282847e+02 9.476955106102636819e+02
1.146452435565379046e-04 3.100869125012019367e+02 6.925047031063105152e-01 6.496591524848704466e+02 9.597460649685681346e+02
1.169056432178302825e-04 3.100869124964583534e+02 6.925047031047574242e-01 6.619528523314733093e+02 9.720397648071270851e+02
1.192106099843096370e-04 3.100869124915253678e+02 6.925047031031419387e-01 6.744738187755548324e+02 9.845607312427353008e+02
1.215610225620289159e-04 3.100869124863964430e+02 6.925047031014627263e-01 6.872210809974460517e+02 9.973079934557047181e+02
1.239577769820241631e-04 3.100869124810628819e+02 6.925047030997162345e-01 7.001995458500661016e+02 1.010286458298927982e+03
1.264017869419013437e-04 3.100869124755171242e+02 6.925047030979002427e-01 7.134599027960620106e+02 1.023546815235026429e+03
1.288939841541590604e-04 3.100869124697507573e+02 6.925047030960123084e-01 7.269477976269531609e+02 1.037034710055496589e+03
1.314353187013790939e-04 3.100869124637545156e+02 6.925047030940491011e-01 7.406893763353211853e+02 1.050776288752889741e+03
1.340267593984187486e-04 3.100869124575191904e+02 6.925047030920076230e-01 7.546635963131277549e+02 1.064750508719140043e+03
1.366692941617462739e-04 3.100869124510359711e+02 6.925047030898846545e-01 7.689379448753327324e+02 1.079024857269173026e+03
1.393639303860561886e-04 3.100869124442942848e+02 6.925047030876775311e-01 7.834881354269720077e+02 1.093575047807994224e+03
1.421116953283116878e-04 3.100869124372843544e+02 6.925047030853819230e-01 7.982908878767202623e+02 1.108377800244244554e+03
1.449136364993589292e-04 3.100869124299954365e+02 6.925047030829952766e-01 8.133634113879330698e+02 1.123450323741244802e+03
1.477708220632611622e-04 3.100869124224159350e+02 6.925047030805138171e-01 8.287343235134194401e+02 1.138821235851763504e+03
1.506843412445078802e-04 3.100869124145346518e+02 6.925047030779332147e-01 8.443846638240339644e+02 1.154471576146615689e+03
1.536553047432524073e-04 3.100869124063396498e+02 6.925047030752493615e-01 8.603364108505202239e+02 1.170423323156501283e+03
1.566848451587352390e-04 3.100869123978183666e+02 6.925047030724597041e-01 8.765988839394671004e+02 1.186685796227967330e+03
1.597741174210580439e-04 3.100869123889578418e+02 6.925047030695584693e-01 8.931465539365422046e+02 1.203233466206634830e+03
1.629242992314681906e-04 3.100869123797440920e+02 6.925047030665414383e-01 9.100272241000196800e+02 1.220114136350722447e+03
1.661365915113260548e-04 3.100869123701631338e+02 6.925047030634042811e-01 9.272379761957448636e+02 1.237324888426025154e+03
1.694122188599240229e-04 3.100869123602013246e+02 6.925047030601425568e-01 9.447546748518294635e+02 1.254841587060605661e+03
1.727524300213309375e-04 3.100869123498430326e+02 6.925047030567509365e-01 9.625874004884253736e+02 1.272674312674556404e+03
1.761584983604422587e-04 3.100869123390716595e+02 6.925047030532242021e-01 9.807656031382269930e+02 1.290852515300505274e+03
1.796317223484165167e-04 3.100869123278713460e+02 6.925047030495566913e-01 9.992944187994771710e+02 1.309381330936630775e+03
1.831734260576808513e-04 3.100869123162252663e+02 6.925047030457434083e-01 1.018131290959387115e+03 1.328218203070086702e+03
1.867849596666993305e-04 3.100869123041151738e+02 6.925047030417784688e-01 1.037360423759038895e+03 1.347447335841868153e+03
1.904676999746904244e-04 3.100869122915232765e+02 6.925047030376551005e-01 1.056955373233337923e+03 1.367042285286808237e+03
1.942230509264949415e-04 3.100869122784296792e+02 6.925047030333683074e-01 1.076933799022620406e+03 1.387020711045164489e+03
1.980524441477925668e-04 3.100869122648146003e+02 6.925047030289100958e-01 1.097219753366717441e+03 1.407306665356699114e+03
2.019573394908690694e-04 3.100869122506575764e+02 6.925047030242748036e-01 1.117971559852899645e+03 1.428058471808560171e+03
2.059392255911460321e-04 3.100869122359364383e+02 6.925047030194545483e-01 1.139134467577373016e+03 1.449221379496869758e+03
2.099996204346833044e-04 3.100869122206294151e+02 6.925047030144422244e-01 1.160564032485119469e+03 1.470650944366555905e+03
2.141400719368687674e-04 3.100869122047130304e+02 6.925047030092307265e-01 1.182443668369049647e+03 1.492530580210378048e+03
2.183621585325197067e-04 3.100869121881622732e+02 6.925047030038115059e-01 1.204818654080558645e+03 1.514905565879603273e+03
2.226674897776190025e-04 3.100869121709528144e+02 6.925047029981765689e-01 1.227518779495460194e+03 1.537605691249987558e+03
2.270577069629129796e-04 3.100869121530578809e+02 6.925047029923174779e-01 1.250640633660673984e+03 1.560727545368299616e+03
2.315344837396109590e-04 3.100869121344503014e+02 6.925047029862245740e-01 1.274243683333025047e+03 1.584330594991214184e+03
2.360995267574176367e-04 3.100869121151018817e+02 6.925047029798889753e-01 1.298336391219704183e+03 1.608423302825783594e+03
2.407545763151478185e-04 3.100869120949826083e+02 6.925047029733016890e-01 1.322834982287255571e+03 1.632921893838444475e+03
2.455014070241686754e-04 3.100869120740629228e+02 6.925047029664516129e-01 1.347789326451482339e+03 1.657876237944829199e+03
2.503418284849206490e-04 3.100869120523094580e+02 6.925047029593290882e-01 1.373123046399987288e+03 1.683209957832419605e+03
2.552776859767804133e-04 3.100869120296900405e+02 6.925047029519224573e-01 1.399010344572457370e+03 1.709097255940657988e+03
2.603108611615219544e-04 3.100869120061696549e+02 6.925047029442212843e-01 1.425396583651304582e+03 1.735483494951805824e+03
2.654432728006498807e-04 3.100869119817130581e+02 6.925047029362134676e-01 1.452237562367033433e+03 1.762324473596203916e+03
2.706768774868748505e-04 3.100869119562821652e+02 6.925047029278869060e-01 1.479655751882875848e+03 1.789742663036824752e+03
2.760136703900124117e-04 3.100869119298388341e+02 6.925047029192284986e-01 1.507494712778571056e+03 1.817581623853284782e+03
2.814556860175856283e-04 3.100869119023425355e+02 6.925047029102253671e-01 1.535938500056296107e+03 1.846025411047441821e+03
2.870049989904279700e-04 3.100869118737508643e+02 6.925047029008633004e-01 1.564810571681068268e+03 1.874897482584184672e+03
2.926637248335742648e-04 3.100869118440210173e+02 6.925047028911288649e-01 1.594281343900627235e+03 1.904368254710911970e+03
2.984340207827481176e-04 3.100869118131070650e+02 6.925047028810066285e-01 1.624286259191078443e+03 1.934373169903509961e+03
3.043180866067503993e-04 3.100869117809622253e+02 6.925047028704811591e-01 1.654893169155405758e+03 1.964980079764646234e+03
3.103181654460593786e-04 3.100869117475371581e+02 6.925047028595370247e-01 1.686052037288934798e+03 1.996138947789396980e+03
3.164365446679694898e-04 3.100869117127812729e+02 6.925047028481571276e-01 1.717767355093914603e+03 2.027854265479706783e+03
3.226755567385859746e-04 3.100869116766412503e+02 6.925047028363232604e-01 1.750084898460274871e+03 2.060171808725148821e+03
3.290375801120152969e-04 3.100869116390615545e+02 6.925047028240187696e-01 1.783017613973899643e+03 2.093104524111266073e+03
3.355250401370871052e-04 3.100869115999860810e+02 6.925047028112243375e-01 1.816525244224025982e+03 2.126612154226973416e+03
3.421404099819505161e-04 3.100869115593544052e+02 6.925047027979199799e-01 1.850702121836410697e+03 2.160789031697567680e+03
3.488862115769049421e-04 3.100869115171045109e+02 6.925047027840861569e-01 1.885507592494396476e+03 2.195594502206035031e+03
3.557650165758153931e-04 3.100869114731725062e+02 6.925047027697011082e-01 1.920923329821969901e+03 2.231010239375959372e+03
3.627794473364868402e-04 3.100869114274907474e+02 6.925047027547436285e-01 1.957004867352264000e+03 2.267091776739983288e+03
3.699321779203665447e-04 3.100869113799898855e+02 6.925047027391905141e-01 1.993736299428605207e+03 2.303823208640983466e+03
3.772259351119588077e-04 3.100869113305975020e+02 6.925047027230180063e-01 2.031211413008465797e+03 2.341298322035836009e+03
3.846634994583350824e-04 3.100869112792383362e+02 6.925047027062014582e-01 2.069339666917646809e+03 2.379426575749921085e+03
3.922477063291448856e-04 3.100869112258336600e+02 6.925047026887147794e-01 2.108155726183549632e+03 2.418242634810052550e+03
3.999814469975212367e-04 3.100869111703025851e+02 6.925047026705322128e-01 2.147720962253844391e+03 2.457807870663250469e+03
4.078676697423010231e-04 3.100869111125603581e+02 6.925047026516255588e-01 2.187982001859363208e+03 2.498068910039799448e+03
4.159093809719774945e-04 3.100869110525184738e+02 6.925047026319659516e-01 2.229007371938545930e+03 2.539094279877403096e+03
4.241096463708093488e-04 3.100869109900854141e+02 6.925047026115234150e-01 2.270777567701421958e+03 2.580864475385432343e+03
4.324715920675328319e-04 3.100869109251664213e+02 6.925047025902671960e-01 2.313319490147865508e+03 2.623406397563006067e+03
4.409984058271105320e-04 3.100869108576621898e+02 6.925047025681638768e-01 2.356676700766068279e+03 2.666763607897477414e+03
4.496933382659821523e-04 3.100869107874698329e+02 6.925047025451809279e-01 2.400826102365589122e+03 2.710913009197641259e+03
4.585597040912727917e-04 3.100869107144825421e+02 6.925047025212821561e-01 2.445771015266497670e+03 2.755857921782704580e+03
4.676008833644371360e-04 3.100869106385883924e+02 6.925047024964323672e-01 2.491477084552404449e+03 2.801563990735452990e+03
4.768203227898127066e-04 3.100869105596719919e+02 6.925047024705924814e-01 2.538140712609762886e+03 2.848227618441031154e+03
4.862215370285865364e-04 3.100869104776134009e+02 6.925047024437240850e-01 2.585537135633895559e+03 2.895624041094176391e+03
4.958081100386606179e-04 3.100869103922867680e+02 6.925047024157853226e-01 2.633858316278571237e+03 2.943945221347233201e+03
5.055836964409403866e-04 3.100869103035624903e+02 6.925047023867346718e-01 2.683075183880532677e+03 2.993162088535881139e+03
5.155520229125611304e-04 3.100869102113047688e+02 6.925047023565265025e-01 2.733160575988058554e+03 3.043247480207263834e+03
5.257168896075791907e-04 3.100869101153737688e+02 6.925047023251154066e-01 2.784131377282961694e+03 3.094218281041919909e+03
5.360821716056817128e-04 3.100869100156219815e+02 6.925047022924534224e-01 2.836008610481868800e+03 3.146095513755114098e+03
5.466518203894515709e-04 3.100869099118982604e+02 6.925047022584914780e-01 2.888905693915814481e+03 3.198992596676221183e+03
5.574298653507651306e-04 3.100869098040440690e+02 6.925047022231760607e-01 2.942708550394415397e+03 3.252795452613642283e+03
5.684204153268898867e-04 3.100869096918949026e+02 6.925047021864547681e-01 2.997563686427650737e+03 3.307650588075437554e+03
5.796276601668633264e-04 3.100869095752797193e+02 6.925047021482716447e-01 3.053373321247720924e+03 3.363460222292412709e+03
5.910558723287638551e-04 3.100869094540207698e+02 6.925047021085675159e-01 3.110103434618461961e+03 3.420190335026770754e+03
6.027094085084653283e-04 3.100869093279330286e+02 6.925047020672824294e-01 3.167931651245015928e+03 3.478018550981318185e+03
6.145927113005118314e-04 3.100869091968243652e+02 6.925047020243534357e-01 3.226751597193864654e+03 3.536838496220909292e+03
6.267103108917349312e-04 3.100869090604946336e+02 6.925047019797149206e-01 3.286743112521673083e+03 3.596830010799588308e+03
6.390668267882666309e-04 3.100869089187362420e+02 6.925047019332981613e-01 3.347717849027068951e+03 3.657804746514413182e+03
6.516669695765972504e-04 3.100869087713323893e+02 6.925047018850334357e-01 3.409768594448733893e+03 3.719855491101497137e+03
6.645155427193630109e-04 3.100869086180589989e+02 6.925047018348473582e-01 3.472966225908650358e+03 3.783053121680157346e+03
6.776174443865317374e-04 3.100869084586817621e+02 6.925047017826623241e-01 3.537235145698623000e+03 3.847322040539910176e+03
6.909776693226991071e-04 3.100869082929580713e+02 6.925047017283989526e-01 3.602686406333975810e+03 3.912773300192970055e+03
7.046013107512016926e-04 3.100869081206349733e+02 6.925047016719751980e-01 3.669344416271000682e+03 3.979431309092670745e+03
7.184935623157654100e-04 3.100869079414495673e+02 6.925047016133043520e-01 3.737142887438772959e+03 4.047229779165336822e+03
7.326597200604465778e-04 3.100869077551284931e+02 6.925047015522967087e-01 3.806102463681953395e+03 4.116189354252378507e+03
7.471051844486004600e-04 3.100869075613882728e+02 6.925047014888596753e-01 3.876322444539110620e+03 4.186409333888565925e+03
7.618354624216640975e-04 3.100869073599329226e+02 6.925047014228969955e-01 3.947792063474642873e+03 4.257878951534788939e+03
7.768561694985270071e-04 3.100869071504550334e+02 6.925047013543074170e-01 4.020526637470349669e+03 4.330613524169004450e+03
7.921730319162982375e-04 3.100869069326354293e+02 6.925047012829866899e-01 4.094503447217992743e+03 4.404590332479137942e+03
8.077918888132737179e-04 3.100869067061421447e+02 6.925047012088252352e-01 4.169770014752876705e+03 4.479856898496060239e+03
8.237186944549554314e-04 3.100869064706291738e+02 6.925047011317110313e-01 4.246394396654485718e+03 4.556481278794466562e+03
8.399595205039485759e-04 3.100869062257378914e+02 6.925047010515258394e-01 4.324343511863853564e+03 4.634430392310884599e+03
8.565205583346196866e-04 3.100869059710941542e+02 6.925047009681475352e-01 4.403627244230565339e+03 4.713714122889915416e+03
8.734081213933937065e-04 3.100869057063106879e+02 6.925047008814488869e-01 4.484252679708202777e+03 4.794339556479903877e+03
8.906286476055772080e-04 3.100869054309825401e+02 6.925047007912978891e-01 4.566333018828991044e+03 4.876419893606840560e+03
9.081887018296509132e-04 3.100869051446910021e+02 6.925047006975574293e-01 4.649792468911948163e+03 4.959879341584422036e+03
9.260949783599363872e-04 3.100869048469984364e+02 6.925047006000829564e-01 4.734682693315828146e+03 5.044769563764897612e+03
9.443543034786180002e-04 3.100869045374515167e+02 6.925047004987276988e-01 4.821018524324771533e+03 5.131105392425843092e+03
9.629736380580797847e-04 3.100869042155778175e+02 6.925047003933362255e-01 4.908845115035695926e+03 5.218931980656974702e+03
9.819600802145431618e-04 3.100869038808864389e+02 6.925047002837476651e-01 4.998136224601931644e+03 5.308223087604588727e+03
1.001320868014038456e-03 3.100869035328672112e+02 6.925047001697953730e-01 5.088947866230189902e+03 5.399034726467325527e+03
1.021063382231714818e-03 3.100869031709892738e+02 6.925047000513049333e-01 5.181301871025437322e+03 5.491388728341881688e+03
1.041195149165564200e-03 3.100869027947007339e+02 6.925046999280960458e-01 5.275385074217098918e+03 5.585471928447448590e+03
1.061723843505616143e-03 3.100869024034275299e+02 6.925046997999810827e-01 5.370775124304097517e+03 5.680861975277815873e+03
1.082657291259708733e-03 3.100869019965734878e+02 6.925046996667643118e-01 5.467894789781218606e+03 5.777981637314367617e+03
1.104003472736939323e-03 3.100869015735177072e+02 6.925046995282424511e-01 5.566745141259356387e+03 5.876831985157808958e+03
1.125770525589939088e-03 3.100869011336151289e+02 6.925046993842045584e-01 5.666983386413641711e+03 5.977070226476244898e+03
1.147966747917134956e-03 3.100869006761946594e+02 6.925046992344304764e-01 5.769052096068953688e+03 6.079138932078732068e+03
1.170600601426172909e-03 3.100869002005591710e+02 6.925046990786927203e-01 5.872660379407909204e+03 6.182747211139275350e+03
1.193680714659719122e-03 3.100868997059831713e+02 6.925046989167528144e-01 5.978281236578375683e+03 6.288368063787731444e+03
1.217215886284848904e-03 3.100868991917124049e+02 6.925046987483641781e-01 6.085516361579933800e+03 6.395603184015119950e+03
1.241215088447310396e-03 3.100868986569622052e+02 6.925046985732700167e-01 6.194080379739456475e+03 6.504167197138331176e+03
1.265687470191902055e-03 3.100868981009177219e+02 6.925046983912036547e-01 6.304652156165804627e+03 6.614738968242969349e+03
1.290642360950303765e-03 3.100868975227301689e+02 6.925046982018867592e-01 6.417167517721291006e+03 6.727254324176404225e+03
1.316089274097666977e-03 3.100868969215183597e+02 6.925046980050312273e-01 6.531486318936649695e+03 6.841573119454864354e+03
1.342037910579333641e-03 3.100868962963655804e+02 6.925046978003365217e-01 6.647425803035825993e+03 6.957512597287875906e+03
1.368498162609057189e-03 3.100868956463178847e+02 6.925046975874903366e-01 6.765285569557236158e+03 7.075372357191263291e+03
1.395480117440138067e-03 3.100868949703842077e+02 6.925046973661683758e-01 6.885236189779097003e+03 7.195322970421106220e+03
1.422994061210917753e-03 3.100868942675338644e+02 6.925046971360331316e-01 7.006921825136562802e+03 7.317008598398027061e+03
1.451050482866089080e-03 3.100868935366948449e+02 6.925046968967331074e-01 7.130437590736329184e+03 7.440524356205949516e+03
1.479660078155326875e-03 3.100868927767523360e+02 6.925046966479039279e-01 7.255802240333990085e+03 7.565888997577764712e+03
1.508833753710742045e-03 3.100868919865479256e+02 6.925046963891660079e-01 7.383343503715942461e+03 7.693430252269914490e+03
1.538582631204750938e-03 3.100868911648761355e+02 6.925046961201247742e-01 7.512636098154799583e+03 7.822722837538009117e+03
1.568918051589901497e-03 3.100868903104839092e+02 6.925046958403699993e-01 7.643896242176155283e+03 7.953982971877166165e+03
1.599851579422308968e-03 3.100868894220683956e+02 6.925046955494749135e-01 7.777242691369373460e+03 8.087329410846313294e+03
1.631395007270326812e-03 3.100868884982746749e+02 6.925046952469953165e-01 7.912521886938975513e+03 8.222608595623823931e+03
1.663560360210147209e-03 3.100868875376940537e+02 6.925046949324712431e-01 8.049893584510748042e+03 8.359980281800966623e+03
1.696359900410033573e-03 3.100868865388612790e+02 6.925046946054218555e-01 8.189298161915097808e+03 8.499384847176734183e+03
1.729806131804935204e-03 3.100868855002537430e+02 6.925046942653488857e-01 8.330670943073411763e+03 8.640757615639771757e+03
1.763911804863277756e-03 3.100868844202867081e+02 6.925046939117337486e-01 8.474320406257142167e+03 8.784407065417302874e+03
1.798689921447731502e-03 3.100868832973137614e+02 6.925046935440368756e-01 8.620037394484701508e+03 8.930124039494608951e+03
1.834153739771822835e-03 3.100868821296219835e+02 6.925046931616980483e-01 8.767717038561389927e+03 9.077803668639744501e+03
1.870316779454265360e-03 3.100868809154309815e+02 6.925046927641331784e-01 8.917499620841996148e+03 9.227586235161241348e+03
1.907192826672944553e-03 3.100868796528887401e+02 6.925046923507369723e-01 9.069385701247441830e+03 9.379472298935297658e+03
1.944795939420529028e-03 3.100868783400700863e+02 6.925046919208786012e-01 9.223514193737133610e+03 9.533600773869731711e+03
1.983140452863694884e-03 3.100868769749726539e+02 6.925046914739025894e-01 9.379654499804028092e+03 9.689741061415157674e+03
2.022240984808028330e-03 3.100868755555147231e+02 6.925046910091274821e-01 9.538036523779610434e+03 9.848123065843221411e+03
2.062112441270652023e-03 3.100868740795317535e+02 6.925046905258440688e-01 9.698775489152856608e+03 1.000886201058322695e+04
2.102770022162756772e-03 3.100868725447725751e+02 6.925046900233153835e-01 9.861419024349692336e+03 1.017150552401931782e+04
2.144229227084140654e-03 3.100868709488965465e+02 6.925046895007753722e-01 1.002611189597703196e+04 1.033619837269278287e+04
2.186505861232019340e-03 3.100868692894703713e+02 6.925046889574268949e-01 1.019309349984407709e+04 1.050317995233930560e+04
2.229616041426324847e-03 3.100868675639629259e+02 6.925046883924411700e-01 1.036234391182158106e+04 1.067243033876226400e+04
2.273576202253812031e-03 3.100868657697430422e+02 6.925046878049568866e-01 1.053388567688162766e+04 1.084397207686108413e+04
2.318403102333295180e-03 3.100868639040739936e+02 6.925046871940782056e-01 1.070784707537458416e+04 1.101793344690468984e+04
2.364113830704411227e-03 3.100868619641111650e+02 6.925046865588727618e-01 1.088381758798745432e+04 1.119390392951948888e+04
2.410725813342361190e-03 3.100868599468955153e+02 6.925046858983725517e-01 1.106181377890935073e+04 1.137190008881174617e+04
2.458256819801083164e-03 3.100868578493513610e+02 6.925046852115708251e-01 1.124172576369298076e+04 1.155181204025348416e+04
2.506724969987425122e-03 3.100868556682792132e+02 6.925046844974185323e-01 1.142466046102022483e+04 1.173474670237685496e+04
2.556148741068848922e-03 3.100868534003532773e+02 6.925046837548285428e-01 1.160917460356880110e+04 1.191926080783844009e+04
2.606546974517370396e-03 3.100868510421147448e+02 6.925046829826662087e-01 1.179570557141387508e+04 1.210579173659024855e+04
2.657938883292339325e-03 3.100868485899670191e+02 6.925046821797555818e-01 1.198523689246365939e+04 1.229532301637543242e+04
2.710344059164873469e-03 3.100868460401708262e+02 6.925046813448717531e-01 1.217651090495931567e+04 1.248659698539604869e+04
2.763782480186679266e-03 3.100868433888375080e+02 6.925046804767415187e-01 1.236997314583112529e+04 1.268005918043828024e+04
2.818274518306154892e-03 3.100868406319237351e+02 6.925046795740407157e-01 1.256502868803633282e+04 1.287511467437553438e+04
2.873840947134635379e-03 3.100868377652250842e+02 6.925046786353931116e-01 1.276298267137422772e+04 1.307306860678902194e+04
2.930502949865762628e-03 3.100868347843695005e+02 6.925046776593667408e-01 1.296276296774022921e+04 1.327284884950976266e+04
2.988282127351012205e-03 3.100868316848115001e+02 6.925046766444734603e-01 1.316466273797064969e+04 1.347474856321039442e+04
3.047200506334426552e-03 3.100868284618239841e+02 6.925046755891651751e-01 1.336849265824620124e+04 1.367857842393555438e+04
3.107280547849721776e-03 3.100868251104915885e+02 6.925046744918331720e-01 1.357482647482428911e+04 1.388491217773821336e+04
3.168545155782942577e-03 3.100868216257034078e+02 6.925046733508037899e-01 1.378252409812328187e+04 1.409260973496407678e+04
3.231017685603940030e-03 3.100868180021456055e+02 6.925046721643358660e-01 1.399267060793858582e+04 1.430275617514376245e+04
3.294721953270021968e-03 3.100868142342917508e+02 6.925046709306212911e-01 1.420515856202846953e+04 1.451524405585792010e+04
3.359682244305131366e-03 3.100868103163952014e+02 6.925046696477784591e-01 1.441944684225902711e+04 1.472953225882882725e+04
3.425923323058059893e-03 3.100868062424818277e+02 6.925046683138497139e-01 1.463546819500570018e+04 1.494555353023873613e+04
3.493470442143159580e-03 3.100868020063385302e+02 6.925046669268025701e-01 1.485352556092051418e+04 1.516361081049897257e+04
3.562349352067242358e-03 3.100867976015049408e+02 6.925046654845208316e-01 1.507337346789306321e+04 1.538345862730238696e+04
3.632586311046241429e-03 3.100867930212634747e+02 6.925046639848041474e-01 1.529529943257656123e+04 1.560538449703820879e+04
3.704208095015455206e-03 3.100867882586292126e+02 6.925046624253673455e-01 1.551902516018317147e+04 1.582911012470445712e+04
3.777242007837139457e-03 3.100867833063391572e+02 6.925046608038305518e-01 1.574409156247187275e+04 1.605417642186065132e+04
3.851715891709376824e-03 3.100867781568408077e+02 6.925046591177212996e-01 1.597137215422619192e+04 1.628145690291780193e+04
3.927658137780149807e-03 3.100867728022806205e+02 6.925046573644689785e-01 1.620040971182592511e+04 1.651049434402848055e+04
4.005097696970691228e-03 3.100867672344933226e+02 6.925046555413987281e-01 1.643031905724198441e+04 1.674040356699020049e+04
4.084064091012243845e-03 3.100867614449873599e+02 6.925046536457305502e-01 1.666215321605784993e+04 1.697223759694087494e+04
4.164587423700419344e-03 3.100867554249338696e+02 6.925046516745746450e-01 1.689589186676379904e+04 1.720597611204652276e+04
4.246698392371461850e-03 3.100867491651517298e+02 6.925046496249236405e-01 1.713061779484144063e+04 1.744070189758708148e+04
4.330428299604751480e-03 3.100867426560949411e+02 6.925046474936519258e-01 1.736674282032205883e+04 1.767682677318419155e+04
4.415809065156095503e-03 3.100867358878369373e+02 6.925046452775094341e-01 1.760431651862245417e+04 1.791440031387839190e+04
4.502873238126238464e-03 3.100867288500556924e+02 6.925046429731162023e-01 1.784328257562629733e+04 1.815336620517611300e+04
4.591654009369343543e-03 3.100867215320183163e+02 6.925046405769582636e-01 1.808347976443928928e+04 1.839356321980740540e+04
4.682185224146093346e-03 3.100867139225650249e+02 6.925046380853817629e-01 1.832431846370458516e+04 1.863440173610510101e+04
4.774501395026292498e-03 3.100867060100907224e+02 6.925046354945861848e-01 1.856670435204949899e+04 1.887678743209128879e+04
4.868637715045841426e-03 3.100866977825288018e+02 6.925046328006209118e-01 1.880980154444186701e+04 1.911988442243377722e+04
4.964630071123114601e-03 3.100866892273319877e+02 6.925046299993772303e-01 1.905344236324551093e+04 1.936352502905923757e+04
5.062515057739890197e-03 3.100866803314530102e+02 6.925046270865835574e-01 1.929845907254869962e+04 1.960854151538243605e+04
5.162329990891991079e-03 3.100866710813261307e+02 6.925046240577975576e-01 1.954359882181870853e+04 1.985368103062083537e+04
5.264112922315016506e-03 3.100866614628438924e+02 6.925046209084005921e-01 1.978994782401603152e+04 2.010002978694940248e+04
5.367902653990518774e-03 3.100866514613381923e+02 6.925046176335896142e-01 2.003692110508419137e+04 2.034700280987301448e+04
5.473738752938198462e-03 3.100866410615562359e+02 6.925046142283696193e-01 2.028397193556993807e+04 2.059405336948482727e+04
5.581661566299772614e-03 3.100866302476383112e+02 6.925046106875476504e-01 2.053110344746793271e+04 2.084118459717345468e+04
5.691712236720216159e-03 3.100866190030924940e+02 6.925046070057250258e-01 2.077908184573357721e+04 2.108916269704834122e+04
5.803932718032302381e-03 3.100866073107710008e+02 6.925046031772864596e-01 2.102611424135074776e+04 2.133619477992271277e+04
5.918365791250324026e-03 3.100865951528425626e+02 6.925045991963926229e-01 2.127318447854671103e+04 2.158326468906955779e+04
6.035055080879241779e-03 3.100865825107654246e+02 6.925045950569727049e-01 2.152018979050408598e+04 2.183026965698004642e+04
6.154045071545298680e-03 3.100865693652608002e+02 6.925045907527145328e-01 2.176715014849024374e+04 2.207722965416205261e+04
6.275381124954604838e-03 3.100865556962810956e+02 6.925045862770532468e-01 2.201303571936141816e+04 2.232311484703085080e+04
6.399109497186043251e-03 3.100865414829810334e+02 6.925045816231646389e-01 2.225799750822456190e+04 2.256807623985741157e+04
6.525277356325163286e-03 3.100865267036842283e+02 6.925045767839498323e-01 2.250303722131078757e+04 2.281311553768333397e+04
6.653932800445723147e-03 3.100865113358530039e+02 6.925045717520300625e-01 2.274633232811352354e+04 2.305641020978945744e+04
6.785124875945762989e-03 3.100864953560499089e+02 6.925045665197302469e-01 2.298853726232033659e+04 2.329861468874202910e+04
6.918903596245229090e-03 3.100864787399058855e+02 6.925045610790721007e-01 2.322966609652779516e+04 2.353974304620113980e+04
7.055319960852225042e-03 3.100864614620808197e+02 6.925045554217579280e-01 2.346994087282202236e+04 2.378001732318586801e+04
7.194425974805207860e-03 3.100864434962255132e+02 6.925045495391602968e-01 2.370853802694035403e+04 2.401861395477253973e+04
7.336274668498486869e-03 3.100864248149417790e+02 6.925045434223077168e-01 2.394433010348038079e+04 2.425440548505070183e+04
7.480920117898608689e-03 3.100864053897399799e+02 6.925045370618720941e-01 2.417878326592119629e+04 2.448885807578657113e+04
7.628417465159371275e-03 3.100863851909964524e+02 6.925045304481532993e-01 2.441087320107156484e+04 2.472094741316518048e+04
7.778822939643260242e-03 3.100863641879074066e+02 6.925045235710655112e-01 2.464088244555304118e+04 2.495095603253912486e+04
7.932193879357403443e-03 3.100863423484429404e+02 6.925045164201210079e-01 2.486894543890116984e+04 2.517901837218531728e+04
8.088588752812068614e-03 3.100863196392973009e+02 6.925045089844140689e-01 2.509377014503387181e+04 2.540384239550178972e+04
8.248067181310264964e-03 3.100862960258382941e+02 6.925045012526049870e-01 2.531546251049312923e+04 2.562553404775899617e+04
8.410689961676692111e-03 3.100862714720552162e+02 6.925044932129031938e-01 2.553366272478990868e+04 2.584373351742162049e+04
8.576519089434912063e-03 3.100862459405031473e+02 6.925044848530471642e-01 2.574916987551477359e+04 2.605923989028842334e+04
8.745617782441435228e-03 3.100862193922458800e+02 6.925044761602877630e-01 2.596115182155070579e+04 2.627122102439025912e+04
8.918050504985857233e-03 3.100861917867967463e+02 6.925044671213684833e-01 2.616895374047146834e+04 2.647902209635883992e+04
9.093882992366087922e-03 3.100861630820568848e+02 6.925044577225052400e-01 2.637239635199238182e+04 2.668246382464870840e+04
9.273182275948137210e-03 3.100861332342511218e+02 6.925044479493637217e-01 2.657203343405645137e+04 2.688209998537150386e+04
9.456016708720033428e-03 3.100861021978612371e+02 6.925044377870395174e-01 2.676749995569686507e+04 2.707756554631724430e+04
9.642455991349529673e-03 3.100860699255562167e+02 6.925044272200355788e-01 2.695767659419528718e+04 2.726774118411368181e+04
9.832571198755621356e-03 3.100860363681200624e+02 6.925044162322364638e-01 2.714263879679464662e+04 2.745270234444623929e+04
1.002643480720387392e-02 3.100860014743778379e+02 6.925044048068857983e-01 2.732241026971037354e+04 2.763247273195859816e+04
1.022412072193610612e-02 3.100859651911155765e+02 6.925043929265590759e-01 2.749712744555521203e+04 2.780718877753665583e+04
1.042570430534468968e-02 3.100859274630009850e+02 6.925043805731384561e-01 2.766570489334882222e+04 2.797576504953968833e+04
1.063126240570244629e-02 3.100858882324984052e+02 6.925043677277845644e-01 2.782815732264692997e+04 2.813821625590367330e+04
1.084087338645900282e-02 3.100858474397810483e+02 6.925043543709090699e-01 2.798441456376672068e+04 2.829447222536279151e+04
1.105461715611466035e-02 3.100858050226390787e+02 6.925043404821408233e-01 2.813374477074310562e+04 2.844380111102539377e+04
1.127257519868338047e-02 3.100857609163869597e+02 6.925043260402997669e-01 2.827667302218742043e+04 2.858672798928206248e+04
1.149483060475638488e-02 3.100857150537619304e+02 6.925043110233616295e-01 2.841248982684415023e+04 2.872254336792230606e+04
1.172146810317810893e-02 3.100856673648231663e+02 6.925042954084257296e-01 2.853971707615856940e+04 2.884976913842276917e+04
1.195257409334687763e-02 3.100856177768447424e+02 6.925042791716777835e-01 2.866049209472297662e+04 2.897054262121799184e+04
1.218823667815223215e-02 3.100855662142055280e+02 6.925042622883571530e-01 2.877219644131011592e+04 2.908224537653805237e+04
1.242854569756182172e-02 3.100855125982716913e+02 6.925042447327164341e-01 2.887549209623448041e+04 2.918553938229640698e+04
1.267359276287047601e-02 3.100854568472794881e+02 6.925042264779822654e-01 2.897138568101310739e+04 2.928143125697988580e+04
1.292347129162446130e-02 3.100853988762085010e+02 6.925042074963159155e-01 2.905858123881209394e+04 2.936862504377805817e+04
1.317827654323441497e-02 3.100853385966530595e+02 6.925041877587702066e-01 2.913596271234276355e+04 2.944600468542036469e+04
1.343810565529046132e-02 3.100852759166868395e+02 6.925041672352446609e-01 2.920294881183338293e+04 2.951298889157559097e+04
1.370305768059318016e-02 3.100852107407242215e+02 6.925041458944409811e-01 2.925950777367251430e+04 2.956954589733536704e+04
1.397323362491491305e-02 3.100851429693718160e+02 6.925041237038134234e-01 2.930437453698947866e+04 2.961441064261948122e+04
1.424873648550537865e-02 3.100850724992787946e+02 6.925041006295206136e-01 2.933872615954853973e+04 2.964876018209105314e+04
1.452967129035661990e-02 3.100849992229794339e+02 6.925040766363741440e-01 2.936255594086305064e+04 2.967258781402325621e+04
1.481614513824211846e-02 3.100849230287284399e+02 6.925040516877841723e-01 2.937773189480827205e+04 2.968776154755852986e+04
1.510826723954521514e-02 3.100848438003308161e+02 6.925040257457035775e-01 2.938523623558938925e+04 2.969526359338053953e+04
1.540614895789264339e-02 3.100847614169645681e+02 6.925039987705700062e-01 2.938600000000000000e+04 2.969602498457038746e+04
1.570990385260893907e-02 3.100846757529967590e+02 6.925039707212458095e-01 2.937925887557413080e+04 2.968928140823113426e+04
1.601964772200776752e-02 3.100845866777918332e+02 6.925039415549550936e-01 2.936324635535804919e+04 2.967326635942259600e+04
1.633549864753692030e-02 3.100844940555126072e+02 6.925039112272198816e-01 2.933454782547328796e+04 2.964456523066907175e+04
1.665757703879372845e-02 3.100843977449120530e+02 6.925038796917890593e-01 2.929181891318281487e+04 2.960183365199869149e+04
1.698600567942782844e-02 3.100842975991200205e+02 6.925038469005703190e-01 2.923253736934080371e+04 2.954254938057586332e+04
1.732090977394923695e-02 3.100841934654171723e+02 6.925038128035574392e-01 2.915666685620977660e+04 2.946667607974074417e+04
1.766241699545906610e-02 3.100840851850033459e+02 6.925037773487516812e-01 2.906539526830969044e+04 2.937540164207288399e+04
1.801065753432145103e-02 3.100839725927551171e+02 6.925037404820839626e-01 2.895962033042249459e+04 2.926962379097600206e+04
1.836576414779518204e-02 3.100838555169736992e+02 6.925037021473328114e-01 2.884080250649674053e+04 2.915080298724884778e+04
1.872787221064367569e-02 3.100837337791243726e+02 6.925036622860367697e-01 2.871033592227586269e+04 2.902033335326180531e+04
1.909711976674300163e-02 3.100836071935621590e+02 6.925036208374069080e-01 2.856840166663661512e+04 2.887839597787313323e+04
1.947364758170741159e-02 3.100834755672507868e+02 6.925035777382341218e-01 2.841328830081819251e+04 2.872327942857452217e+04
1.985759919655228495e-02 3.100833386994675038e+02 6.925035329227920977e-01 2.824398021315009828e+04 2.855396809870516518e+04
2.024912098241539102e-02 3.100831963814965775e+02 6.925034863227369497e-01 2.805910189718853508e+04 2.836908648893702411e+04
2.064836219635679537e-02 3.100830483963121083e+02 6.925034378670029689e-01 2.785698006195383277e+04 2.816696131761517972e+04
2.105547503825910480e-02 3.100828945182465191e+02 6.925033874816955981e-01 2.763783448001337092e+04 2.794781236083717522e+04
2.147061470884962381e-02 3.100827345126467094e+02 6.925033350899770790e-01 2.740345012140765903e+04 2.771342458637118398e+04
2.189393946886628028e-02 3.100825681355154302e+02 6.925032806119502116e-01 2.715588564607266744e+04 2.746585665017785141e+04
2.232561069939031917e-02 3.100823951331415174e+02 6.925032239645356746e-01 2.689625118359383123e+04 2.720621868108954368e+04
2.276579296336850300e-02 3.100822152417103439e+02 6.925031650613466816e-01 2.662565919159366968e+04 2.693562313568496756e+04
2.321465406834814435e-02 3.100820281869035284e+02 6.925031038125565308e-01 2.634606654944708498e+04 2.665602688807254162e+04
2.367236513044934654e-02 3.100818336834795446e+02 6.925030401247606049e-01 2.605776995916694068e+04 2.636772664198415441e+04
2.413910063959821828e-02 3.100816314348402329e+02 6.925029739008359275e-01 2.575998078736560637e+04 2.606993377134343973e+04
2.461503852604650378e-02 3.100814211325775318e+02 6.925029050397915054e-01 2.545359125588912866e+04 2.576354049762114300e+04
2.510036022820272966e-02 3.100812024560032683e+02 6.925028334366158944e-01 2.513898707325655050e+04 2.544893253144063056e+04
2.559525076180054273e-02 3.100809750716609301e+02 6.925027589821144414e-01 2.481532148348524788e+04 2.512526312598486402e+04
2.609989879043098787e-02 3.100807386328164625e+02 6.925026815627450816e-01 2.448307451375323217e+04 2.479301231109570654e+04
2.661449669746549299e-02 3.100804927789316707e+02 6.925026010604459215e-01 2.414240238620301898e+04 2.445233631366599002e+04
2.713924065939660527e-02 3.100802371351120996e+02 6.925025173524518296e-01 2.379266329545831468e+04 2.410259333853620410e+04
2.767433072062517457e-02 3.100799713115366671e+02 6.925024303111098067e-01 2.343470432762331257e+04 2.374463047351095884e+04
2.821997086972168056e-02 3.100796949028641052e+02 6.925023398036844746e-01 2.306833941610952388e+04 2.337826166056024886e+04
2.877636911719139504e-02 3.100794074876142190e+02 6.925022456921545722e-01 2.269484036795266729e+04 2.300475870582007701e+04
2.934373757477285252e-02 3.100791086275254429e+02 6.925021478330029012e-01 2.231448084115662641e+04 2.262439527306790478e+04
2.992229253629952873e-02 3.100787978668869869e+02 6.925020460769978348e-01 2.192864722722469014e+04 2.223855775142929269e+04
3.051225456015605256e-02 3.100784747318448353e+02 6.925019402689642778e-01 2.153847673184621090e+04 2.184838334524668608e+04
3.111384855336023214e-02 3.100781387296792104e+02 6.925018302475501875e-01 2.114595895777816622e+04 2.145586164809736874e+04
3.172730385730255370e-02 3.100777893480521925e+02 6.925017158449765509e-01 2.075194315047657801e+04 2.106184190410980227e+04
3.235285433517647025e-02 3.100774260542295906e+02 6.925015968867852534e-01 2.035758790731467525e+04 2.066748270591565961e+04
3.299073846113246417e-02 3.100770482942662625e+02 6.925014731915707378e-01 1.996419327242143117e+04 2.027408409041949562e+04
3.364119941118966922e-02 3.100766554921636384e+02 6.925013445707044468e-01 1.957346362147546097e+04 1.988335042064634035e+04
3.430448515594035352e-02 3.100762470489915472e+02 6.925012108280457213e-01 1.918674871989371604e+04 1.949663145063799311e+04
3.498084855508178798e-02 3.100758223419753108e+02 6.925010717596464804e-01 1.880435477660377728e+04 1.911423338692083780e+04
3.567054745381218611e-02 3.100753807235463455e+02 6.925009271534349198e-01 1.842713354418687595e+04 1.873700797329291163e+04
3.637384478112735964e-02 3.100749215203558720e+02 6.925007767888974319e-01 1.805704795675499190e+04 1.836691812105427380e+04
3.709100865005503234e-02 3.100744440322488913e+02 6.925006204367376572e-01 1.769350446516904049e+04 1.800337028481470406e+04
3.782231245986573953e-02 3.100739475311967794e+02 6.925004578585313153e-01 1.733739305461268304e+04 1.764725443617811470e+04
3.856803500029903214e-02 3.100734312601891816e+02 6.925002888063586104e-01 1.698919606105969069e+04 1.729905290078919643e+04
3.932846055784421091e-02 3.100728944320787264e+02 6.925001130224299750e-01 1.664996948600733958e+04 1.695982166090276587e+04
4.010387902411718247e-02 3.100723362283836195e+02 6.924999302386907196e-01 1.632025723018866483e+04 1.663010460242545378e+04
4.089458600637345398e-02 3.100717557980387937e+02 6.924997401764129146e-01 1.600071918274233212e+04 1.631056159623560598e+04
4.170088294020051628e-02 3.100711522561016977e+02 6.924995425457701748e-01 1.569086733667513545e+04 1.600070463199096594e+04
4.252307720443213035e-02 3.100705246824015262e+02 6.924993370453970121e-01 1.539202200737514249e+04 1.570185399403492920e+04
4.336148223832790582e-02 3.100698721201391663e+02 6.924991233619278708e-01 1.510570764781683647e+04 1.541553409692950845e+04
4.421641766106360755e-02 3.100691935744296757e+02 6.924989011695203978e-01 1.483268353439249404e+04 1.514250418649195854e+04
4.508820939357749413e-02 3.100684880107860977e+02 6.924986701293583957e-01 1.457347529673714234e+04 1.488328986244772204e+04
4.597718978281846447e-02 3.100677543535440464e+02 6.924984298891360135e-01 1.432805169010824466e+04 1.463785985718074335e+04
4.688369772844470929e-02 3.100669914842236494e+02 6.924981800825190659e-01 1.409662209217240706e+04 1.440642351925162075e+04
4.780807881201969145e-02 3.100661982398258942e+02 6.924979203285880347e-01 1.387794646336789447e+04 1.418774080585232514e+04
4.875068542875586608e-02 3.100653734110615574e+02 6.924976502312576443e-01 1.367066475581587292e+04 1.398045167010159275e+04
4.971187692185594781e-02 3.100645157405095915e+02 6.924973693786712348e-01 1.347350276019535522e+04 1.378328190429396273e+04
5.069201971950246244e-02 3.100636239207027529e+02 6.924970773425757065e-01 1.328574048442179264e+04 1.359551150820956354e+04
5.169148747454871407e-02 3.100626965921359215e+02 6.924967736776661553e-01 1.310693990545924680e+04 1.341670244503724462e+04
5.271066120696393797e-02 3.100617323411971142e+02 6.924964579209088589e-01 1.293512292678256017e+04 1.324487664107853743e+04
5.374992944908651982e-02 3.100607296980149954e+02 6.924961295908342862e-01 1.276988099392545337e+04 1.307962553165177815e+04
5.480968839374156937e-02 3.100596871342209511e+02 6.924957881868055720e-01 1.260969987000122637e+04 1.291943489839197719e+04
5.589034204527885963e-02 3.100586030606229997e+02 6.924954331882513525e-01 1.245469424838512714e+04 1.276441941446526835e+04
5.699230237358810652e-02 3.100574758247863656e+02 6.924950640538777291e-01 1.230299601263531076e+04 1.261271099688549475e+04
5.811598947115182573e-02 3.100563037085186693e+02 6.924946802208381547e-01 1.215313150717887220e+04 1.246283601926327538e+04
5.926183171319372028e-02 3.100550849252553576e+02 6.924942811038792279e-01 1.200401350499997716e+04 1.231370727821729633e+04
6.043026592098535432e-02 3.100538176173400871e+02 6.924938660944479629e-01 1.185220415329383104e+04 1.216188702301146259e+04
6.162173752837253604e-02 3.100524998531986967e+02 6.924934345597628660e-01 1.169805440806095794e+04 1.200772620549681415e+04
6.283670075158458157e-02 3.100511296244004598e+02 6.924929858418514828e-01 1.153870029425345638e+04 1.184836095442376609e+04
6.407561876239205312e-02 3.100497048426019546e+02 6.924925192565474230e-01 1.137108782745518693e+04 1.168073741223382240e+04
6.533896386467868966e-02 3.100482233363704268e+02 6.924920340924473061e-01 1.119208808675196269e+04 1.150172680665567350e+04
6.662721767449393540e-02 3.100466828478811294e+02 6.924915296098275164e-01 1.100147821704260605e+04 1.131110634198581829e+04
6.794087130365655813e-02 3.100450810294831285e+02 6.924910050395166605e-01 1.079788324369549809e+04 1.110750115430113146e+04
6.928042554697724786e-02 3.100434154401289675e+02 6.924904595817221731e-01 1.058568657108951447e+04 1.089529453523398661e+04
7.064639107317322031e-02 3.100416835416637582e+02 6.924898924048159543e-01 1.036477947838678665e+04 1.067437782021727253e+04
7.203928861954701779e-02 3.100398826949643762e+02 6.924893026440632759e-01 1.013344330565336895e+04 1.044303248218097178e+04
7.345964919050314290e-02 3.100380101559294985e+02 6.924886894003072779e-01 9.888100730542177189e+03 1.019768143434696867e+04
7.490801425997917207e-02 3.100360630713067849e+02 6.924880517385989531e-01 9.625138511611605281e+03 9.934711704516610553e+03
7.638493597786831513e-02 3.100340384743582831e+02 6.924873886867725092e-01 9.347838776440612492e+03 9.657405379920055566e+03
7.789097738051103947e-02 3.100319332803496195e+02 6.924866992339659966e-01 9.061244929779753875e+03 9.370805716914361255e+03
7.942671260533797073e-02 3.100297442818654758e+02 6.924859823290805405e-01 8.769748629348685427e+03 9.079304227036596785e+03
8.099272710974377010e-02 3.100274681439358346e+02 6.924852368791780677e-01 8.475906804924316020e+03 8.785457766016768801e+03
8.258961789427697597e-02 3.100251013989699231e+02 6.924844617478205233e-01 8.181290467835331583e+03 8.490837310852330120e+03
8.421799373023065860e-02 3.100226404414910917e+02 6.924836557533355919e-01 7.888393834183330910e+03 8.197936976480770682e+03
8.587847539171936107e-02 3.100200815226611439e+02 6.924828176670190238e-01 7.600183364927011098e+03 7.909723071967161559e+03
8.757169589233268492e-02 3.100174207445894581e+02 6.924819462112630220e-01 7.319451912541911952e+03 7.628988281447699592e+03
8.929830072645481009e-02 3.100146540544166101e+02 6.924810400576117964e-01 7.049030523553845342e+03 7.358563451584616814e+03
9.105894811534111233e-02 3.100117772381622103e+02 6.924800978247372951e-01 6.791515540234921900e+03 7.101044709207601954e+03
9.285430925804784297e-02 3.100087859143325204e+02 6.924791180763381071e-01 6.549506975767684708e+03 6.859031818981996366e+03
9.468506858730794951e-02 3.100056755272729561e+02 6.924780993189514344e-01 6.325109673664164802e+03 6.634629377908352581e+03
9.655192403045276262e-02 3.100024413402581445e+02 6.924770399996819092e-01 6.120414981020507184e+03 6.429928454222626897e+03
9.845558727547812361e-02 3.099990784283094740e+02 6.924759385038341541e-01 5.936560462902996733e+03 6.246066376996351210e+03
1.003967840423556079e-01 3.099955816707293366e+02 6.924747931524591893e-01 5.773625472445238302e+03 6.083122327695136846e+03
1.023762543596937885e-01 3.099919457433389880e+02 6.924736021997965896e-01 5.631632148945252084e+03 5.941118264233719856e+03
1.043947528468544134e-01 3.099881651104114439e+02 6.924723638306192752e-01 5.508687964590702904e+03 5.818161641150409196e+03
1.064530490016299819e-01 3.099842340162840060e+02 6.924710761574707218e-01 5.402623927481625287e+03 5.712083488099748138e+03
1.085519274935941719e-01 3.099801464766431991e+02 6.924697372177944787e-01 5.310780343000235007e+03 5.620224199935341858e+03
1.106921884632361269e-01 3.099758962694627940e+02 6.924683449709465588e-01 5.229554949004342234e+03 5.538981731532507183e+03
1.128746478269916365e-01 3.099714769255856481e+02 6.924668972950924761e-01 5.154975896276689127e+03 5.464384538688564135e+03
1.151001375882899636e-01 3.099668817189356105e+02 6.924653919839799388e-01 5.082875597174721406e+03 5.392265420226635797e+03
1.173695061547318091e-01 3.099621036563412986e+02 6.924638267435827554e-01 5.009436577285089697e+03 5.318807315860399285e+03
1.196836186615220371e-01 3.099571354669620860e+02 6.924621991886120709e-01 4.930994720071737902e+03 5.240346573850637469e+03
1.220433573012793399e-01 3.099519695912960060e+02 6.924605068388913764e-01 4.843950894647673522e+03 5.153284593310854689e+03
1.244496216603475924e-01 3.099465981697558163e+02 6.924587471155843055e-01 4.745635914936521658e+03 5.054952674184087300e+03
1.269033290617390120e-01 3.099410130307949771e+02 6.924569173372722153e-01 4.634181253468377690e+03 4.943482732018409479e+03
1.294054149148391175e-01 3.099352056785703553e+02 6.924550147158841096e-01 4.509245429722211156e+03 4.818533566434298336e+03
1.319568330720052585e-01 3.099291672801154505e+02 6.924530363524538101e-01 4.370877279091019773e+03 4.680154261177621265e+03
1.345585561921980311e-01 3.099228886520137962e+02 6.924509792327173674e-01 4.220523578178567732e+03 4.529791643496353572e+03
1.372115761117801147e-01 3.099163602465488339e+02 6.924488402225329464e-01 4.061072942712610256e+03 4.370334133016236592e+03
1.399169042226274806e-01 3.099095721373080323e+02 6.924466160631207456e-01 3.895382437485132868e+03 4.204638550394129197e+03
1.426755718576954435e-01 3.099025140042287489e+02 6.924443033661115132e-01 3.727953817334175255e+03 4.037206060932046967e+03
1.454886306841855770e-01 3.098951751180512701e+02 6.924418986084012184e-01 3.563072778142211973e+03 3.872321699504274420e+03
1.483571531044657332e-01 3.098875443241697099e+02 6.924393981268031073e-01 3.405898578475112572e+03 3.715143782956239647e+03
1.512822326648947391e-01 3.098796100258477964e+02 6.924367981124845972e-01 3.260896153913797662e+03 3.570136287251111298e+03
1.542649844727063402e-01 3.098713601667797093e+02 6.924340946051877888e-01 3.131352345644741945e+03 3.440585186384777444e+03
1.573065456211147073e-01 3.098627822129711831e+02 6.924312834872174971e-01 3.019135981191748670e+03 3.328358617307651002e+03
1.604080756227993232e-01 3.098538631339116591e+02 6.924283604771961365e-01 2.924708496138646751e+03 3.233917547316973014e+03
1.635707568519381983e-01 3.098445893830137834e+02 6.924253211235672500e-01 2.846324760737457382e+03 3.155516837643952385e+03
1.667957949949565033e-01 3.098349468772922251e+02 6.924221607978442439e-01 2.781296731010571875e+03 3.090468690342293485e+03
1.700844195101607614e-01 3.098249209762488476e+02 6.924188746875938882e-01 2.726440386813904297e+03 3.035589524390406950e+03
1.734378840964369284e-01 3.098144964599390505e+02 6.924154577891384887e-01 2.677350837317038440e+03 2.986475300476102802e+03
1.768574671711897472e-01 3.098036575061870508e+02 6.924119048999747283e-01 2.630178371039502508e+03 2.939277168332965630e+03
1.803444723577035391e-01 3.097923876669139531e+02 6.924082106108891965e-01 2.580252981446443300e+03 2.889326362510067611e+03
1.839002289821137781e-01 3.097806698435525732e+02 6.924043692977650544e-01 2.523469514032965435e+03 2.832519009090913642e+03
1.875260925801771617e-01 3.097684862615072916e+02 6.924003751130648476e-01 2.456539865825688594e+03 2.765568236991492540e+03
1.912234454140315509e-01 3.097558184436276179e+02 6.923962219769769222e-01 2.379006195604692948e+03 2.688016727883856674e+03
1.949936969991474811e-01 3.097426471826573788e+02 6.923919035682152279e-01 2.292350949014774415e+03 2.601346871766061668e+03
1.988382846416662519e-01 3.097289525126208787e+02 6.923874133144507503e-01 2.199523114161415833e+03 2.508507061534334753e+03
2.027586739863345699e-01 3.097147136791067510e+02 6.923827443823753480e-01 2.104388073449961666e+03 2.413361634316457639e+03
2.067563595752424099e-01 3.096999091084089173e+02 6.923778896673636885e-01 2.010611573828934752e+03 2.319575172440047936e+03
2.108328654175754546e-01 3.096845163754821328e+02 6.923728417827383907e-01 1.922522629494024841e+03 2.231475072108954919e+03
2.149897455706028526e-01 3.096685121706684640e+02 6.923675930486056229e-01 1.843028708162597695e+03 2.151967484426566443e+03
2.192285847321200076e-01 3.096518722651481994e+02 6.923621354802544925e-01 1.774132717113782974e+03 2.083054174497587610e+03
2.235509988445701646e-01 3.096345714750727893e+02 6.923564607761025780e-01 1.716381020902259024e+03 2.025280830278812573e+03
2.279586357110803818e-01 3.096165836243250169e+02 6.923505603051638424e-01 1.668196779781016858e+03 1.977070806941001592e+03
2.324531756236401514e-01 3.095978815058625173e+02 6.923444250940286038e-01 1.626646624984841765e+03 1.935491629200981151e+03
2.370363320036679433e-01 3.095784368415910421e+02 6.923380458133304716e-01 1.588317767480756174e+03 1.897131811239115905e+03
2.417098520552071750e-01 3.095582202407131263e+02 6.923314127636834847e-01 1.549500838704353328e+03 1.858283670854659249e+03
2.464755174309990471e-01 3.095372011564995773e+02 6.923245158610675798e-01 1.507061703483578640e+03 1.815814742508042400e+03
2.513351449116900671e-01 3.095153478414272854e+02 6.923173446216448479e-01 1.459402580334649201e+03 1.768128346590143565e+03
2.562905870984309442e-01 3.094926273006237238e+02 6.923098881459761600e-01 1.406648298290216189e+03 1.715349602157247091e+03
2.613437331191290625e-01 3.094690052435593088e+02 6.923021351026271697e-01 1.350483300113589848e+03 1.659162347667076119e+03
2.664965093486290626e-01 3.094444460339263401e+02 6.922940737111277221e-01 1.293459758186213094e+03 1.602117496995821284e+03
2.717508801430891796e-01 3.094189126376405170e+02 6.922856917242711239e-01 1.238450761156293993e+03 1.547086453310988418e+03
2.771088485888397179e-01 3.093923665689000018e+02 6.922769764097215228e-01 1.188086835822163266e+03 1.496697938049474487e+03
2.825724572660058831e-01 3.093647678342344420e+02 6.922679145308999749e-01 1.143749427177029702e+03 1.452332162759507810e+03
2.881437890271848490e-01 3.093360748744759690e+02 6.922584923271353219e-01 1.105381292117241628e+03 1.413931499639624917e+03
2.938249677914770985e-01 3.093062445045804907e+02 6.922486954930335834e-01 1.071692053657265205e+03 1.380206070700725377e+03
2.996181593541742405e-01 3.092752318512269198e+02 6.922385091570498750e-01 1.040430924320281292e+03 1.348906441180164620e+03
3.055255722124076145e-01 3.092429902881203247e+02 6.922279178592335436e-01 1.009218151193006406e+03 1.317654559576800239e+03
3.115494584070800377e-01 3.092094713689194805e+02 6.922169055280955607e-01 9.763504469492290809e+02 1.284748565229952419e+03
3.176921143813934423e-01 3.091746247577182771e+02 6.922054554565971740e-01 9.412000748225026427e+02 1.249561445710356793e+03
3.239558818563064713e-01 3.091383981569891830e+02 6.921935502771949800e-01 9.044161743992988249e+02 1.212742019407475709e+03
3.303431487232528219e-01 3.091007372329183340e+02 6.921811719359305393e-01 8.676446167437478607e+02 1.175934833809201564e+03
3.368563499544582895e-01 3.090615855380403332e+02 6.921683016655162390e-01 8.325151105323590173e+02 1.140768062522419768e+03
3.434979685312089526e-01 3.090208844310924974e+02 6.921549199573798772e-01 8.003491567837260163e+02 1.108561734921232983e+03
3.502705363904211611e-01 3.089785729939975454e+02 6.921410065326403238e-01 7.714851578124140588e+02 1.079653590936327419e+03
3.571766353898719881e-01 3.089345879458895183e+02 6.921265403119616355e-01 7.452796102507011256e+02 1.053400456216440716e+03
3.642188982924635110e-01 3.088888635540884025e+02 6.921114993842488738e-01 7.204686634551521820e+02 1.028539595984856305e+03
3.714000097698931246e-01 3.088413315419379614e+02 6.920958609741475476e-01 6.958811622009094435e+02 1.003901065209994272e+03
3.787227074261094173e-01 3.087919209934052560e+02 6.920796014082977177e-01 6.706143109083051286e+02 9.785831565125949965e+02
3.861897828409524003e-01 3.087405582543574951e+02 6.920626960802938044e-01 6.448310109473641205e+02 9.527486754886976996e+02
3.938040826343648382e-01 3.086871668304106606e+02 6.920451194143156792e-01 6.193383153960406844e+02 9.272037019741652557e+02
4.015685095515900693e-01 3.086316672812624802e+02 6.920268448273658723e-01 5.949823905329324134e+02 9.027932137974245279e+02
4.094860235697660999e-01 3.085739771114073164e+02 6.920078446900777003e-01 5.722753230024352433e+02 8.800284022611648425e+02
4.175596430263343040e-01 3.085140106571362253e+02 6.919880902860343630e-01 5.512441263098692161e+02 8.589359806325685440e+02
4.257924457696995457e-01 3.084516789697266859e+02 6.919675517695433875e-01 5.313662198474901288e+02 8.389938946413381018e+02
4.341875703325780433e-01 3.083868896947245730e+02 6.919461981218234525e-01 5.120169596332456194e+02 8.195782990823088312e+02
4.427482171284746748e-01 3.083195469472133254e+02 6.919239971055329841e-01 4.928255997077721418e+02 8.003189665751879147e+02
4.514776496717573528e-01 3.082495511829851580e+02 6.919009152175905619e-01 4.737616378504953900e+02 7.811854131521808995e+02
4.603791958217800517e-01 3.081767990655080212e+02 6.918769176402244092e-01 4.552168757598324760e+02 7.625687013452354677e+02
4.694562490515405973e-01 3.081011833285996317e+02 6.918519681901900142e-01 4.375201060897845196e+02 7.447968905063617058e+02
4.787122697413511707e-01 3.080225926347122822e+02 6.918260292660930455e-01 4.207701550425651931e+02 7.279684189226784383e+02
4.881507864980121347e-01 3.079409114287400371e+02 6.917990617937460618e-01 4.048757700515241709e+02 7.119919895641978655e+02
4.977753974999984399e-01 3.078560197872578783e+02 6.917710251695025070e-01 3.895416484264878818e+02 6.965727013360683486e+02
5.075897718691696481e-01 3.077677932631107751e+02 6.917418772014908290e-01 3.745498097265362389e+02 6.814928896415253803e+02
5.175976510695191601e-01 3.076761027252682084e+02 6.917115740486803332e-01 3.599351609449822149e+02 6.667872647599332367e+02
5.278028503335103760e-01 3.075808141938720723e+02 6.916800701577037191e-01 3.458100891607350036e+02 6.525678140450554565e+02
5.382092601165263668e-01 3.074817886704049101e+02 6.916473181973693540e-01 3.322978076787545092e+02 6.389572748350976781e+02
5.488208475800028241e-01 3.073788819629115210e+02 6.916132689907783515e-01 3.193892182168608542e+02 6.259463550101472720e+02
5.596416581038012872e-01 3.072719445062222121e+02 6.915778714449697384e-01 3.069790190746736016e+02 6.134298067573188291e+02
5.706758168283985189e-01 3.071608211771231822e+02 6.915410724780231000e-01 2.949758683341837013e+02 6.013163340240794241e+02
5.819275302274846684e-01 3.070453511044327115e+02 6.915028169435241123e-01 2.833491370766506066e+02 5.895752064470186724e+02
5.934010877115700744e-01 3.069253674739586017e+02 6.914630475523173558e-01 2.721365168207794909e+02 5.782438123947948725e+02
6.051008632632021156e-01 3.068006973283104344e+02 6.914217047914628100e-01 2.613664567123311713e+02 5.673502986546287730e+02
6.170313171044323752e-01 3.066711613615651117e+02 6.913787268403038810e-01 2.510328866194225839e+02 5.568883790602912995e+02
6.291969973971505148e-01 3.065365737087905700e+02 6.913340494835645833e-01 2.410958625848071790e+02 5.468179979569090392e+02
6.416025419769502136e-01 3.063967417304544938e+02 6.912876060213843932e-01 2.315313993882085128e+02 5.371150100029683472e+02
6.542526801211795418e-01 3.062514657917515706e+02 6.912393271761979596e-01 2.223164257186870145e+02 5.277561805138865338e+02
6.671522343518461184e-01 3.061005390369164729e+02 6.911891409963752952e-01 2.134396754906547642e+02 5.187300353707528302e+02
6.803061222740746095e-01 3.059437471585954995e+02 6.911369727565196408e-01 2.048985486957107582e+02 5.100337259929106040e+02
6.937193584508122290e-01 3.057808681623863549e+02 6.910827448543400697e-01 1.966745406062268273e+02 5.016485525471480287e+02
7.073970563144909018e-01 3.056116721266670311e+02 6.910263767039968030e-01 1.887663231549115608e+02 4.935729166165470474e+02
7.213444301163866035e-01 3.054359209578771015e+02 6.909677846258271972e-01 1.811682397536920632e+02 4.858008973236529755e+02
7.355667969144136231e-01 3.052533681414252555e+02 6.909068817323590350e-01 1.738645684205799569e+02 4.783165440697407575e+02
7.500695786001031484e-01 3.050637584884528906e+02 6.908435778105160852e-01 1.668426756273516105e+02 4.711069761753913099e+02
7.648583039655585392e-01 3.048668278786953465e+02 6.907777791999173411e-01 1.600880877139899212e+02 4.641574762771390965e+02
7.799386108111522331e-01 3.046623029997352319e+02 6.907093886671811234e-01 1.536005910183604044e+02 4.574675090792210312e+02
7.953162480947858493e-01 3.044499010829811709e+02 6.906383052761398966e-01 1.473646113231226877e+02 4.510212460100062799e+02
8.109970781235277260e-01 3.042293296367410562e+02 6.905644242538694355e-01 1.413623664673907570e+02 4.448006598433101999e+02
8.269870787884526786e-01 3.040002861768206799e+02 6.904876368524512920e-01 1.356057403155373322e+02 4.388172162160758489e+02
8.432923458435540587e-01 3.037624579551168154e+02 6.904078302063703099e-01 1.300697604231765467e+02 4.330457202248534259e+02
8.599190952295866497e-01 3.035155216867367471e+02 6.903248871854736901e-01 1.247568127980650985e+02 4.274881697581321873e+02
8.768736654437196965e-01 3.032591432762353065e+02 6.902386862433987913e-01 1.196580601715804022e+02 4.221353934253276066e+02
8.941625199559237736e-01 3.029929775436188493e+02 6.901491012613985010e-01 1.147564114506949977e+02 4.169700133229449648e+02
9.117922496729874426e-01 3.027166679508405878e+02 6.900560013874934562e-01 1.100459855761708354e+02 4.119857826400522640e+02
9.297695754511243749e-01 3.024298463295781403e+02 6.899592508708726202e-01 1.055269803450875798e+02 4.071824775235446623e+02
9.481013506581196237e-01 3.021321326111660710e+02 6.898587088914918120e-01 1.011892793463150042e+02 4.025496201383289758e+02
9.667945637859854946e-01 3.018231345596334450e+02 6.897542293848094586e-01 9.701554026235071149e+01 3.980695572059433971e+02
9.858563411151367584e-01 3.015024475088893041e+02 6.896456608616126083e-01 9.301302744910756815e+01 3.937490419642669508e+02
1.005293949431093736e+00 3.011696541051886697e+02 6.895328462228963451e-01 8.917027090397405686e+01 3.895762257542917837e+02
1.025114798794745541e+00 3.008243240561049561e+02 6.894156225697684048e-01 8.548168667212095784e+01 3.855450892107222671e+02
1.045326445367232626e+00 3.004660138873509254e+02 6.892938210083596751e-01 8.194043817415236219e+01 3.816483600642822580e+02
1.065936594290531003e+00 3.000942667088825146e+02 6.891672664497393574e-01 7.853909979436667754e+01 3.778781726532849916e+02
1.086953102624827805e+00 2.997086119918455438e+02 6.890357774048383455e-01 7.528160219093632577e+01 3.742378952126482545e+02
1.108383982343810192e+00 2.993085653580453140e+02 6.888991657744151231e-01 7.215436868003945392e+01 3.707135441262097402e+02
1.130237403389021678e+00 2.988936283837352335e+02 6.887572366340877217e-01 6.914822967694507838e+01 3.672954962432294224e+02
1.152521696784417626e+00 2.984632884196632858e+02 6.886097880145127803e-01 6.626598228426310300e+01 3.639859557614763048e+02
1.175245357812350733e+00 2.980170184294424303e+02 6.884566106767714411e-01 6.350535613652034073e+01 3.607820931704712848e+02
1.198417049252165301e+00 2.975542768484573912e+02 6.882974878830770971e-01 6.085363303951779557e+01 3.576707405640246407e+02
1.222045604682645781e+00 2.970745074656631459e+02 6.881321951629247868e-01 5.831367265452409043e+01 3.546541142639210875e+02
1.246140031849577889e+00 2.965771393307853714e+02 6.879605000748388877e-01 5.587713903615999556e+01 3.517233549105685597e+02
1.270709516099716607e+00 2.960615866895822137e+02 6.877821619638918582e-01 5.353608601362852681e+01 3.488699829345094372e+02
1.295763423882434928e+00 2.955272489499907351e+02 6.875969317152190730e-01 5.129074079290226962e+01 3.460935722765941023e+02
1.321311306320440249e+00 2.949735106821350428e+02 6.874045515037665588e-01 4.913938707517329618e+01 3.433917605652321754e+02
1.347362902850876454e+00 2.943997416553484641e+02 6.872047545405555180e-01 4.707821090079603010e+01 3.407601024107869989e+02
1.373928144938218354e+00 2.938052969155070855e+02 6.869972648157924855e-01 4.509955788698025714e+01 3.381903604591969952e+02
1.401017159860384220e+00 2.931895169061590991e+02 6.867817968391815020e-01 4.320186952114423917e+01 3.356802904767564542e+02
1.428640274569469071e+00 2.925517276370768514e+02 6.865580553778589668e-01 4.138223296345075397e+01 3.332263004992889819e+02
1.456808019628625717e+00 2.918912409040346461e+02 6.863257351924023641e-01 3.963806095373155358e+01 3.308251055405880265e+02
1.485531133226553724e+00 2.912073545637593384e+02 6.860845207714361127e-01 3.796862039297631242e+01 3.284752273793351378e+02
1.514820565271142838e+00 2.904993528681618500e+02 6.858340860653955318e-01 3.636507173202669918e+01 3.261672188159004691e+02
1.544687481563824738e+00 2.897665068620948432e+02 6.855740942200871935e-01 3.482884455235674892e+01 3.239017035476516639e+02
1.575143268056245160e+00 2.890080748490133828e+02 6.853041973107404372e-01 3.335818718905046154e+01 3.216761668841447204e+02
1.606199535190829142e+00 2.882233029290423474e+02 6.850240360773101056e-01 3.194603237264204765e+01 3.194828796798805115e+02
1.637868122326961551e+00 2.874114256140511543e+02 6.847332396618728279e-01 3.059658627875925063e+01 3.173251398896109094e+02
1.670161102254416274e+00 2.865716665244332262e+02 6.844314253490343392e-01 2.929957534463938629e+01 3.151920701997860874e+02
1.703090785795778439e+00 2.857032391723441265e+02 6.841181983103427067e-01 2.805960869346842657e+01 3.130873373002960989e+02
1.736669726499624256e+00 2.848053478362058968e+02 6.837931513537894856e-01 2.686995745188401941e+01 3.110035215625253500e+02
1.770910725426200427e+00 2.838771885312876861e+02 6.834558646795892978e-01 2.572909148660512813e+01 3.089382779314859135e+02
1.805826836027494720e+00 2.829179500811644630e+02 6.831059056434929389e-01 2.463639500292501339e+01 3.068901441041009548e+02
1.841431369123507800e+00 2.819268152947971089e+02 6.827428285290281229e-01 2.358891807906005766e+01 3.048553795976798710e+02
1.877737897976637260e+00 2.809029622538870967e+02 6.823661743301311366e-01 2.258684191005248110e+01 3.028332857538846383e+02
1.914760263466131596e+00 2.798455657150178695e+02 6.819754705457797828e-01 2.162562798810888154e+01 3.008185765693554572e+02
1.952512579364527490e+00 2.787537986309120015e+02 6.815702309883154841e-01 2.070646899841382549e+01 2.988115303858028255e+02
1.991009237718156966e+00 2.776268337948876024e+02 6.811499556073026262e-01 1.982357531924422389e+01 2.968056587804802007e+02
2.030264914333721471e+00 2.764638456123056471e+02 6.807141303308585911e-01 1.897999451439202190e+01 2.948030360252913056e+02
2.070294574373046093e+00 2.752640120024270800e+02 6.802622269265421462e-01 1.817150806734461810e+01 2.927987075497386513e+02
2.111113478058133985e+00 2.740265164336812518e+02 6.797937028840109752e-01 1.739678883852205260e+01 2.907905264685084603e+02
2.152737186488733023e+00 2.727505500948294639e+02 6.793080013217869251e-01 1.665302926997726018e+01 2.887749306753453880e+02
2.195181567574555626e+00 2.714353142039422551e+02 6.788045509206147576e-01 1.594118681367022106e+01 2.867519959090353154e+02
2.238462802084505210e+00 2.700800224564338237e+02 6.782827658860267617e-01 1.525950737427950443e+01 2.847191981775344516e+02
2.282597389815152145e+00 2.686839036126617088e+02 6.777420459428769028e-01 1.460661300776550853e+01 2.826743936743331460e+02
2.327602155880828416e+00 2.672462042247603904e+02 6.771817763647342003e-01 1.398057734375105632e+01 2.806149349752560624e+02
2.373494257127765739e+00 2.657661915014559781e+02 6.766013280411703468e-01 1.338176925842380882e+01 2.785403933530569134e+02
2.420291188674648541e+00 2.642431563085887660e+02 6.760000575861064842e-01 1.280786139792591527e+01 2.764477866692118937e+02
2.468010790582172209e+00 2.626764163019669809e+02 6.753773074905212725e-01 1.225804065927463782e+01 2.743356103852699448e+02
2.516671254654078815e+00 2.610653191879676456e+02 6.747324063229375168e-01 1.173010022493764382e+01 2.722010675023835802e+02
2.566291131372286483e+00 2.594092461060125174e+02 6.740646689812279657e-01 1.122500418225597940e+01 2.700444099626732850e+02
2.616889336968755142e+00 2.577076151256649723e+02 6.733733969993916935e-01 1.074162246927617304e+01 2.678639342682690199e+02
2.668485160636805631e+00 2.559598848496252117e+02 6.726578789130410740e-01 1.027813564695331650e+01 2.656573305736215502e+02
2.721098271884569986e+00 2.541655581123739580e+02 6.719173906874267299e-01 9.834556076593202079e+00 2.634240674729555280e+02
2.774748728033479939e+00 2.523241857625861826e+02 6.711511962118876795e-01 9.409442748319507999e+00 2.611622913727716195e+02
2.829456981864570952e+00 2.504353705157856496e+02 6.703585478646715279e-01 9.002017694557418181e+00 2.588708293588446168e+02
2.885243889415543883e+00 2.484987708619862303e+02 6.695386871520697669e-01 8.611874336889469461e+00 2.565489136256523466e+02
2.942130717931587203e+00 2.465141050113228971e+02 6.686908454258352341e-01 8.238122841256368289e+00 2.541953844439824763e+02
3.000139153972902761e+00 2.444811548589136976e+02 6.678142446827910472e-01 7.879914982705059856e+00 2.518091881607080609e+02
3.059291311682140524e+00 2.423997699484344537e+02 6.669080984504900389e-01 7.536736975818901563e+00 2.493896526374776954e+02
3.119609741214812271e+00 2.402698714121537762e+02 6.659716127626664761e-01 7.208188893690607557e+00 2.469362832464668145e+02
3.181117437335917231e+00 2.380914558634951277e+02 6.650039872280807396e-01 6.893407992284054764e+00 2.444482336102477404e+02
3.243837848186100548e+00 2.358645992165703547e+02 6.640044161961538016e-01 6.592060395688958963e+00 2.419252276473569623e+02
3.307794884220580656e+00 2.335894604056317121e+02 6.629720900225644087e-01 6.303321247967892837e+00 2.393666215077680590e+02
3.373012927324388954e+00 2.312662849759840924e+02 6.619061964376471430e-01 6.026679039291892970e+00 2.367721492592537516e+02
3.439516840107293305e+00 2.288954085166969037e+02 6.608059220201037975e-01 5.762026088795840550e+00 2.341420044540737138e+02
3.507331975381996703e+00 2.264772599043922696e+02 6.596704537780863076e-01 5.508250303820540594e+00 2.314755594322843990e+02
3.576484185829199802e+00 2.240123643265845317e+02 6.584989808392432975e-01 5.265202129278853782e+00 2.287731629102830482e+02
3.646999833853263429e+00 2.215013460524593256e+02 6.572906962507242268e-01 5.032778556804221815e+00 2.260353024299556637e+02
3.718905801632117036e+00 2.189449309186885841e+02 6.560447988895172777e-01 4.809942764496274670e+00 2.232617261437280547e+02
3.792229501365389943e+00 2.163439484978789267e+02 6.547604954827610513e-01 4.596708911698367039e+00 2.204532356058109883e+02
3.866998885724558299e+00 2.136993339175828908e+02 6.534370027368705536e-01 4.392350374739651286e+00 2.176100741540420245e+02
3.943242458509138793e+00 2.110121292984752301e+02 6.520735495734144571e-01 4.196920462100512950e+00 2.147332902274314677e+02
4.020989285513018707e+00 2.082834847813382453e+02 6.506693794687262722e-01 4.009799044846524829e+00 2.118234410111143688e+02
4.100269005604952000e+00 2.055146591139125292e+02 6.492237528931443791e-01 3.830635368966485821e+00 2.088814346390715855e+02
4.181111842027610770e+00 2.027070197704526606e+02 6.477359498446603192e-01 3.659098897947311357e+00 2.059083073973344824e+02
4.263548613919363461e+00 1.998620425790142292e+02 6.462052724704984152e-01 3.494943242264605399e+00 2.029052788191998218e+02
4.347610748063238439e+00 1.969813108340253791e+02 6.446310477688660390e-01 3.337753885735408765e+00 1.998735306240283478e+02
4.433330290867522727e+00 1.940665138746173284e+02 6.430126303617377248e-01 3.187575868617027464e+00 1.968147502471214239e+02
4.520739920582619753e+00 1.911194451124246143e+02 6.413494053280898166e-01 3.043822295561346536e+00 1.937301827617653203e+02
4.609872959758697597e+00 1.881419994961446776e+02 6.396407910855304024e-01 2.906248160371194267e+00 1.906214734145403611e+02
4.700763387949036698e+00 1.851361704039902918e+02 6.378862423067328535e-01 2.774751629136595898e+00 1.874904884507872964e+02
4.793445854663807459e+00 1.821040459592945808e+02 6.360852528555370755e-01 2.648799918624259675e+00 1.843388237863857455e+02
4.887955692579245337e+00 1.790478047688517904e+02 6.342373587260350387e-01 2.528287960363220233e+00 1.811685315548786832e+02
4.984328931007314445e+00 1.759697110880920548e+02 6.323421409664091719e-01 2.413054235211543386e+00 1.779817013726352286e+02
5.082602309630846804e+00 1.728721094218451810e+02 6.303992285678151619e-01 2.302821201201437518e+00 1.747804070511241434e+02
5.182813292509588443e+00 1.697574185741867154e+02 6.284083012971559690e-01 2.197355250942997884e+00 1.715668354991221065e+02
5.285000082362347307e+00 1.666281251656764653e+02 6.263690924512710367e-01 2.096575585385628049e+00 1.683433683771586402e+02
5.389201635130731027e+00 1.634867766411139485e+02 6.242813915088581966e-01 2.000155227716796880e+00 1.651122468961503955e+02
5.495457674830086958e+00 1.603359737957337643e+02 6.221450466554024894e-01 1.908032097770190783e+00 1.618759837120941256e+02
5.603808708693140517e+00 1.571783628525079166e+02 6.199599671555456881e-01 1.819925492171241110e+00 1.586369602925708193e+02
5.714296042612323490e+00 1.540166271278552301e+02 6.177261255467040302e-01 1.735685042826624391e+00 1.553977025776726464e+02
5.826961796886510392e+00 1.508534783275856626e+02 6.154435596274088205e-01 1.655244955051625055e+00 1.521608325716200056e+02
5.941848922278245126e+00 1.476916475192689688e+02 6.131123742138083754e-01 1.578352349499272833e+00 1.489288439814106084e+02
6.059001216387535749e+00 1.445338758314021277e+02 6.107327426380702029e-01 1.504870000900504934e+00 1.457043341117150135e+02
6.178463340348555377e+00 1.413829049337322203e+02 6.083049079630875600e-01 1.434671916575581907e+00 1.424899104465400512e+02
6.300280835855414097e+00 1.382414673568649732e+02 6.058291838890188519e-01 1.367647877923083177e+00 1.392881842225371543e+02
6.424500142523739576e+00 1.351122767127869508e+02 6.033059553286361787e-01 1.303599928738130354e+00 1.361016817070232889e+02
6.551168615594511913e+00 1.319980178811835572e+02 6.007356786304728358e-01 1.242401532256609764e+00 1.329329570961267564e+02
6.680334543986950813e+00 1.289013372293532029e+02 5.981188814311404478e-01 1.183979226859850797e+00 1.297845669062093918e+02
6.812047168707409561e+00 1.258248329360702797e+02 5.954561621210567868e-01 1.128189242690595950e+00 1.266589674432330668e+02
6.946356701621091645e+00 1.227710454918629495e+02 5.927481889111672064e-01 1.074917535182746464e+00 1.235585810368393425e+02
7.083314344594016099e+00 1.197424484497197454e+02 5.899956984919502156e-01 1.024069303478102766e+00 1.204857783191143881e+02
7.222972309012329006e+00 1.167414395011319215e+02 5.871994942801875839e-01 9.755413027898817147e-01 1.174428488540983579e+02
7.365383835686458269e+00 1.137703319524277390e+02 5.843604442534326981e-01 9.292194173322677608e-01 1.144319912858679658e+02
7.510603215147792611e+00 1.108313466754097618e+02 5.814794783769139386e-01 8.850151823730445511e-01 1.114553315333761532e+02
7.658685808345383705e+00 1.079266046042000653e+02 5.785575856326099498e-01 8.428257686031402907e-01 1.085148865700727185e+02
7.809688067750862217e+00 1.050581198467328363e+02 5.755958106653700224e-01 8.025718072755462229e-01 1.056125842812251250e+02
7.963667558879401476e+00 1.022277934744164156e+02 5.725952500661356526e-01 7.641516601458409053e-01 1.027502252555703421e+02
8.120682982235004843e+00 9.943740804699650937e+01 5.695570483174475784e-01 7.275110204200972985e-01 9.992952529114076299e+01
8.280794195688466530e+00 9.668862292158162575e+01 5.664823934313756304e-01 6.925489676865272948e-01 9.715204622043610527e+01
8.444062237296622087e+00 9.398297038520014723e+01 5.633725123147086400e-01 6.592145718043078695e-01 9.441925776543189386e+01
8.610549348571362671e+00 9.132185263929379460e+01 5.602286659005404346e-01 6.274135344300661998e-01 9.173247167876724006e+01
8.780318998207578218e+00 8.870653965242688344e+01 5.570521440892521881e-01 5.970982093464008988e-01 8.909289952540993340e+01
8.953435906278864209e+00 8.613816788455346796e+01 5.538442605451416867e-01 5.681915836914157580e-01 8.650160113724383848e+01
9.129966068910277954e+00 8.361773987278837694e+01 5.506063473976221534e-01 5.406231023325502871e-01 8.395950801145787068e+01
9.309976783437637238e+00 8.114612465526631979e+01 5.473397498978486153e-01 5.143523956220359405e-01 8.146743839085456784e+01
9.493536674062704961e+00 7.872405899687863950e+01 5.440458210828921226e-01 4.893063619646463858e-01 7.902605859534284605e+01
9.680715718014365478e+00 7.635214936906828598e+01 5.407259165000223300e-01 4.654501275061147525e-01 7.663592955567972353e+01
9.871585272225535945e+00 7.403087462616196035e+01 5.373813890435054086e-01 4.427117545261753939e-01 7.429746277676588306e+01
1.006621810053605692e+01 7.176058931363850490e+01 5.340135839553197261e-01 4.210911889324289170e-01 7.201098988110054222e+01
1.026468840143190953e+01 6.954152753998836545e+01 5.306238340396779440e-01 4.004564797134465559e-01 6.977664418578666528e+01
1.046707183633146698e+01 6.737380734392858983e+01 5.272134551390906809e-01 3.808975534532726415e-01 6.759457512855843220e+01
1.067344555842922382e+01 6.525743549290353940e+01 5.237837419170991993e-01 3.622479606431085464e-01 6.546467116913473205e+01
1.088388824210844774e+01 6.319231265669927922e+01 5.203359639898257338e-01 3.444792774787778233e-01 6.338679730914338961e+01
1.109848011293362902e+01 6.117823891077374299e+01 5.168713624452336841e-01 3.275371475240133057e-01 6.136070411141805181e+01
1.131730297823428089e+01 5.921491953608413183e+01 5.133911467855698518e-01 3.114509923381652001e-01 5.938609480342645952e+01
1.154044025829185394e+01 5.730197109398798716e+01 5.098964923249480474e-01 2.961178776574744931e-01 5.746251108056390677e+01
1.176797701814132324e+01 5.543892776429048297e+01 5.063885380704786776e-01 2.815474335130455086e-01 5.558947536980408444e+01
1.200000000000000178e+01 5.362524793997013006e+01 5.028683851117228265e-01 2.676984518828450788e-01 5.376640710171886894e+01
