1.000000000000000048e-04 2.563351988680190630e+02 6.854863487512271591e-01 5.698400000000000318e+02 8.261751988680191516e+02
1.019716471361305476e-04 2.563351988651754141e+02 6.854863487501751118e-01 5.806157348430105003e+02 8.369509337064037027e+02
1.039821681965551214e-04 2.563351988622181921e+02 6.854863487490810980e-01 5.915957243743907839e+02 8.479309232329046608e+02
1.060323296378889427e-04 2.563351988591432473e+02 6.854863487479435635e-01 6.027934385459934674e+02 8.591286373993617644e+02
1.081229130285668875e-04 2.563351988559459755e+02 6.854863487467606209e-01 6.141730615973174281e+02 8.705082604452595660e+02
1.102547153467954490e-04 2.563351988526214882e+02 6.854863487455310489e-01 6.257672875709287155e+02 8.821024864131504728e+02
1.124285492843794300e-04 2.563351988491643851e+02 6.854863487442520720e-01 6.376171566358985956e+02 8.939523554720869924e+02
1.146452435565379046e-04 2.563351988455697210e+02 6.854863487429222468e-01 6.496608400131312919e+02 9.059960388429593650e+02
1.169056432178302825e-04 2.563351988418320389e+02 6.854863487415392420e-01 6.619528523314733093e+02 9.182880511545946547e+02
1.192106099843096370e-04 2.563351988379451996e+02 6.854863487401016142e-01 6.744738187755548324e+02 9.308090175916064481e+02
1.215610225620289159e-04 2.563351988339037462e+02 6.854863487386066989e-01 6.872210809974460517e+02 9.435562798060450405e+02
1.239577769820241631e-04 2.563351988297015396e+02 6.854863487370520536e-01 7.001995458500661016e+02 9.565347446508088751e+02
1.264017869419013437e-04 2.563351988253317586e+02 6.854863487354356799e-01 7.134599027960620106e+02 9.697951015885219022e+02
1.288939841541590604e-04 2.563351988207883778e+02 6.854863487337544692e-01 7.269477976269531609e+02 9.832829964106824718e+02
1.314353187013790939e-04 2.563351988160634392e+02 6.854863487320066451e-01 7.406893763353211853e+02 9.970245751098478877e+02
1.340267593984187486e-04 2.563351988111506898e+02 6.854863487301894320e-01 7.546635963131277549e+02 1.010998795077956856e+03
1.366692941617462739e-04 2.563351988060423423e+02 6.854863487282993884e-01 7.689379448753327324e+02 1.025273143629937067e+03
1.393639303860561886e-04 2.563351988007303817e+02 6.854863487263347377e-01 7.834881354269720077e+02 1.039823334170800081e+03
1.421116953283116878e-04 2.563351987952070203e+02 6.854863487242910391e-01 7.982908878767202623e+02 1.054626086609189770e+03
1.449136364993589292e-04 2.563351987894637318e+02 6.854863487221668494e-01 8.133634113879330698e+02 1.069698610108433741e+03
1.477708220632611622e-04 2.563351987834916486e+02 6.854863487199573946e-01 8.287343235134194401e+02 1.085069522221302350e+03
1.506843412445078802e-04 2.563351987772818461e+02 6.854863487176602321e-01 8.443846638240339644e+02 1.100719862518620175e+03
1.536553047432524073e-04 2.563351987708246611e+02 6.854863487152714763e-01 8.603364108505202239e+02 1.116671609531090780e+03
1.566848451587352390e-04 2.563351987641103165e+02 6.854863487127875743e-01 8.765988839394671004e+02 1.132934082605264393e+03
1.597741174210580439e-04 2.563351987571286941e+02 6.854863487102046404e-01 8.931508168034830533e+02 1.149486015453711616e+03
1.629242992314681906e-04 2.563351987498689368e+02 6.854863487075193440e-01 9.100331925072850936e+02 1.166368391141103530e+03
1.661365915113260548e-04 2.563351987423201876e+02 6.854863487047263559e-01 9.272379761957448636e+02 1.183573174812264597e+03
1.694122188599240229e-04 2.563351987344708505e+02 6.854863487018227897e-01 9.447546748518294635e+02 1.201089873450119512e+03
1.727524300213309375e-04 2.563351987263089313e+02 6.854863486988032051e-01 9.625874004884253736e+02 1.218922599067502688e+03
1.761584983604422587e-04 2.563351987178218110e+02 6.854863486956637164e-01 9.807656031382269930e+02 1.237100801697053157e+03
1.796317223484165167e-04 2.563351987089969839e+02 6.854863486923989946e-01 9.992944187994771710e+02 1.255629617336956017e+03
1.831734260576808513e-04 2.563351986998206371e+02 6.854863486890044877e-01 1.018131290959387115e+03 1.274466489474373020e+03
1.867849596666993305e-04 2.563351986902787871e+02 6.854863486854746446e-01 1.037360423759038895e+03 1.293695622250308361e+03
1.904676999746904244e-04 2.563351986803571663e+02 6.854863486818041363e-01 1.056955373233337923e+03 1.313290571699607426e+03
1.942230509264949415e-04 2.563351986700402563e+02 6.854863486779876336e-01 1.076933799022620406e+03 1.333268997462534571e+03
1.980524441477925668e-04 2.563351986593124821e+02 6.854863486740189193e-01 1.097219753366717441e+03 1.353554951778864051e+03
2.019573394908690694e-04 2.563351986481575864e+02 6.854863486698921093e-01 1.117971559852899645e+03 1.374306758235755524e+03
2.059392255911460321e-04 2.563351986365586299e+02 6.854863486656012084e-01 1.139134467577373016e+03 1.395469665929346775e+03
2.099996204346833044e-04 2.563351986244978207e+02 6.854863486611397771e-01 1.160564032485119469e+03 1.416899230804572198e+03
2.141400719368687674e-04 2.563351986119565140e+02 6.854863486565002662e-01 1.182443668369049647e+03 1.438778866654203966e+03
2.183621585325197067e-04 2.563351985989156105e+02 6.854863486516757920e-01 1.204818654080558645e+03 1.461153852329528945e+03
2.226674897776190025e-04 2.563351985853557267e+02 6.854863486466596934e-01 1.227518779495460194e+03 1.483853977706312435e+03
2.270577069629129796e-04 2.563351985712558303e+02 6.854863486414435325e-01 1.250640633660673984e+03 1.506975831831338837e+03
2.315344837396109590e-04 2.563351985565942073e+02 6.854863486360198710e-01 1.274243683333025047e+03 1.530578881461304036e+03
2.360995267574176367e-04 2.563351985413489729e+02 6.854863486303801601e-01 1.298336391219704183e+03 1.554671589303276050e+03
2.407545763151478185e-04 2.563351985254966507e+02 6.854863486245155180e-01 1.322834982287255571e+03 1.579170180323702198e+03
2.455014070241686754e-04 2.563351985090127982e+02 6.854863486184177290e-01 1.347789326451482339e+03 1.604124524438240769e+03
2.503418284849206490e-04 2.563351984918729727e+02 6.854863486120770233e-01 1.373123046399987288e+03 1.629458244334386791e+03
2.552776859767804133e-04 2.563351984740502871e+02 6.854863486054838528e-01 1.399010344572457370e+03 1.655345542451611891e+03
2.603108611615219544e-04 2.563351984555178547e+02 6.854863485986282257e-01 1.425396583651304582e+03 1.681731781472195507e+03
2.654432728006498807e-04 2.563351984362477083e+02 6.854863485914993726e-01 1.452237562367033433e+03 1.708572760126498224e+03
2.706768774868748505e-04 2.563351984162099484e+02 6.854863485840866355e-01 1.479655751882875848e+03 1.735990949577523907e+03
2.760136703900124117e-04 2.563351983953743343e+02 6.854863485763786901e-01 1.507494712778571056e+03 1.763829910404905604e+03
2.814556860175856283e-04 2.563351983737089199e+02 6.854863485683636570e-01 1.535938500056296107e+03 1.792273697610536829e+03
2.870049989904279700e-04 2.563351983511807362e+02 6.854863485600297679e-01 1.564810571681068268e+03 1.821145769159327983e+03
2.926637248335742648e-04 2.563351983277556201e+02 6.854863485513641441e-01 1.594281343900627235e+03 1.850616541298713400e+03
2.984340207827481176e-04 2.563351983033976467e+02 6.854863485423531300e-01 1.624286259191078443e+03 1.880621456504605931e+03
3.043180866067503993e-04 2.563351982780696972e+02 6.854863485329836248e-01 1.654893169155405758e+03 1.911228366379713407e+03
3.103181654460593786e-04 2.563351982517328906e+02 6.854863485232406406e-01 1.686052037288934798e+03 1.942387234419136803e+03
3.164365446679694898e-04 2.563351982243476641e+02 6.854863485131096335e-01 1.717767355093914603e+03 1.974102552124859812e+03
3.226755567385859746e-04 2.563351981958717829e+02 6.854863485025753933e-01 1.750084898460274871e+03 2.006420095386502908e+03
3.290375801120152969e-04 2.563351981662619892e+02 6.854863484916217109e-01 1.783017613973899643e+03 2.039352810789642945e+03
3.355250401370871052e-04 2.563351981354728082e+02 6.854863484802317108e-01 1.816525244224025982e+03 2.072860440923233455e+03
3.421404099819505161e-04 2.563351981034577420e+02 6.854863484683880737e-01 1.850702121836410697e+03 2.107037318412629247e+03
3.488862115769049421e-04 2.563351980701676212e+02 6.854863484560729248e-01 1.885507592494396476e+03 2.141842788940854007e+03
3.557650165758153931e-04 2.563351980355520823e+02 6.854863484432671683e-01 1.920923329821969901e+03 2.177258526131543022e+03
3.627794473364868402e-04 2.563351979995581473e+02 6.854863484299519305e-01 1.957004867352264000e+03 2.213340063517395265e+03
3.699321779203665447e-04 2.563351979621307919e+02 6.854863484161062281e-01 1.993736299428605207e+03 2.250071495441338357e+03
3.772259351119588077e-04 2.563351979232128883e+02 6.854863484017094111e-01 2.031211413008465797e+03 2.287546608860318429e+03
3.846634994583350824e-04 2.563351978827452626e+02 6.854863483867386087e-01 2.069339666917646809e+03 2.325674862599762946e+03
3.922477063291448856e-04 2.563351978406661260e+02 6.854863483711718386e-01 2.108155726183549632e+03 2.364490921686559432e+03
3.999814469975212367e-04 2.563351977969114159e+02 6.854863483549857861e-01 2.147720962253844391e+03 2.404056157567800710e+03
4.078676697423010231e-04 2.563351977514143982e+02 6.854863483381544720e-01 2.187982001859363208e+03 2.444317196973830505e+03
4.159093809719774945e-04 2.563351977041053260e+02 6.854863483206532493e-01 2.229007371938545930e+03 2.485342566842442466e+03
4.241096463708093488e-04 2.563351976549125197e+02 6.854863483024550286e-01 2.270777567701421958e+03 2.527112762383083009e+03
4.324715920675328319e-04 2.563351976037608324e+02 6.854863482835321653e-01 2.313319490147865508e+03 2.569654684594953778e+03
4.409984058271105320e-04 2.563351975505721043e+02 6.854863482638555716e-01 2.356676700766068279e+03 2.613011894965509327e+03
4.496933382659821523e-04 2.563351974952655041e+02 6.854863482433958266e-01 2.400826102365589122e+03 2.657161296303629570e+03
4.585597040912727917e-04 2.563351974377561078e+02 6.854863482221210669e-01 2.445771015266497670e+03 2.702106208928620617e+03
4.676008833644371360e-04 2.563351973779567174e+02 6.854863481999988739e-01 2.491464973264034597e+03 2.747800166635008736e+03
4.768203227898127066e-04 2.563351973157761563e+02 6.854863481769962741e-01 2.538050487274937495e+03 2.794385680338471502e+03
4.862215370285865364e-04 2.563351972511194390e+02 6.854863481530771852e-01 2.585537135633895559e+03 2.841872328372776337e+03
4.958081100386606179e-04 2.563351971838877716e+02 6.854863481282056359e-01 2.633858316278571237e+03 2.890193508674762143e+03
5.055836964409403866e-04 2.563351971139790635e+02 6.854863481023439897e-01 2.683072503210200466e+03 2.939407695244573006e+03
5.155520229125611304e-04 2.563351970412862784e+02 6.854863480754526117e-01 2.733060883604894116e+03 2.989396075257501707e+03
5.257168896075791907e-04 2.563351969656990832e+02 6.854863480474898685e-01 2.784129330113005835e+03 3.040464521362192500e+03
5.360821716056817128e-04 2.563351968871014606e+02 6.854863480184137936e-01 2.836008610481868800e+03 3.092343801305348279e+03
5.466518203894515709e-04 2.563351968053742667e+02 6.854863479881798671e-01 2.888905693915814481e+03 3.145240884289633414e+03
5.574298653507651306e-04 2.563351967203925028e+02 6.854863479567421258e-01 2.942708550394415397e+03 3.199043740293555402e+03
5.684204153268898867e-04 2.563351966320265660e+02 6.854863479240521640e-01 2.997563686427650737e+03 3.253898875825369032e+03
5.796276601668633264e-04 2.563351965401419079e+02 6.854863478900607987e-01 3.053373321247720924e+03 3.309708510116047819e+03
5.910558723287638551e-04 2.563351964445979547e+02 6.854863478547157385e-01 3.110103434618461961e+03 3.366438622927979395e+03
6.027094085084653283e-04 2.563351963452494715e+02 6.854863478179629155e-01 3.167931651245015928e+03 3.424266838964222643e+03
6.145927113005118314e-04 2.563351962419446295e+02 6.854863477797468185e-01 3.226751597193864654e+03 3.483086784289819207e+03
6.267103108917349312e-04 2.563351961345260293e+02 6.854863477400089389e-01 3.286666705532172273e+03 3.543001891969824555e+03
6.390668267882666309e-04 2.563351960228298481e+02 6.854863476986883253e-01 3.347691880684209536e+03 3.604027066426525835e+03
6.516669695765972504e-04 2.563351959066857830e+02 6.854863476557224722e-01 3.409768594448733893e+03 3.666103779456828761e+03
6.645155427193630109e-04 2.563351957859166532e+02 6.854863476110455434e-01 3.472966225908650358e+03 3.729301410141274573e+03
6.776174443865317374e-04 2.563351956603385133e+02 6.854863475645894821e-01 3.537235145698623000e+03 3.793570329112425497e+03
6.909776693226991071e-04 2.563351955297592895e+02 6.854863475162833453e-01 3.602686406333975810e+03 3.859021588882834294e+03
7.046013107512016926e-04 2.563351953939804844e+02 6.854863474660540801e-01 3.669344416271000682e+03 3.925679597906158051e+03
7.184935623157654100e-04 2.563351952527946764e+02 6.854863474138245261e-01 3.737142887438772959e+03 3.993478068109031483e+03
7.326597200604465778e-04 2.563351951059863723e+02 6.854863473595148582e-01 3.806102463681953395e+03 4.062437643333220421e+03
7.471051844486004600e-04 2.563351949533320635e+02 6.854863473030425869e-01 3.876322444539110620e+03 4.132657623113909722e+03
7.618354624216640975e-04 2.563351947945988059e+02 6.854863472443213368e-01 3.947792063474642873e+03 4.204127240912364869e+03
7.768561694985270071e-04 2.563351946295444463e+02 6.854863471832612909e-01 4.020476469069458290e+03 4.276811645306309401e+03
7.921730319162982375e-04 2.563351944579175097e+02 6.854863471197705227e-01 4.094451226599167967e+03 4.350786401567507710e+03
8.077918888132737179e-04 2.563351942794559477e+02 6.854863470537506664e-01 4.169770014752876705e+03 4.426105188381048720e+03
8.237186944549554314e-04 2.563351940938879352e+02 6.854863469851025792e-01 4.246394396654485718e+03 4.502729568867087437e+03
8.399595205039485759e-04 2.563351939009300509e+02 6.854863469137206788e-01 4.324302813583972238e+03 4.580637984301553843e+03
8.565205583346196866e-04 2.563351937002884142e+02 6.854863468394959414e-01 4.403565570138163821e+03 4.659900739276522472e+03
8.734081213933937065e-04 2.563351934916568666e+02 6.854863467623155682e-01 4.484216731526733383e+03 4.740551898996835007e+03
8.906286476055772080e-04 2.563351932747171986e+02 6.854863466820618756e-01 4.566233018828990680e+03 4.822568184537029992e+03
9.081887018296509132e-04 2.563351930491385815e+02 6.854863465986120730e-01 4.649723674078320073e+03 4.906058837924644649e+03
9.260949783599363872e-04 2.563351928145771694e+02 6.854863465118391508e-01 4.734682693315828146e+03 4.991017855195314041e+03
9.443543034786180002e-04 2.563351925706751331e+02 6.854863464216108815e-01 4.820992052757444981e+03 5.077327212559965119e+03
9.629736380580797847e-04 2.563351923170604323e+02 6.854863463277895974e-01 4.908769204075251764e+03 5.165104361683828756e+03
9.819600802145431618e-04 2.563351920533464749e+02 6.854863462302320798e-01 4.998136224601931644e+03 5.254471379892251207e+03
1.001320868014038456e-03 2.563351917791308665e+02 6.854863461287901139e-01 5.088928535863420620e+03 5.345263688705540517e+03
1.021063382231714818e-03 2.563351914939956941e+02 6.854863460233081573e-01 5.181218765572908524e+03 5.437553915829190373e+03
1.041195149165564200e-03 2.563351911975058215e+02 6.854863459136257831e-01 5.275385074217098918e+03 5.531720221739220506e+03
1.061723843505616143e-03 2.563351908892094002e+02 6.854863457995756804e-01 5.370762863353136709e+03 5.627098007990162841e+03
1.082657291259708733e-03 2.563351905686358236e+02 6.854863456809839883e-01 5.467794789781219151e+03 5.724129931370150189e+03
1.104003472736939323e-03 2.563351902352969205e+02 6.854863455576697406e-01 5.566645141259356933e+03 5.822980279626659467e+03
1.125770525589939088e-03 2.563351898886833737e+02 6.854863454294441993e-01 5.666888542914037316e+03 5.923223677880623654e+03
1.147966747917134956e-03 2.563351895282672217e+02 6.854863452961136305e-01 5.769052096068953688e+03 6.025387227440761308e+03
1.170600601426172909e-03 2.563351891534987885e+02 6.854863451574734201e-01 5.872659953130680151e+03 6.128995080707770285e+03
1.193680714659719122e-03 2.563351887638063999e+02 6.854863450133118485e-01 5.978183013211173602e+03 6.234518136777644031e+03
1.217215886284848904e-03 2.563351883585958149e+02 6.854863448634097578e-01 6.085416361579933437e+03 6.341751480910203099e+03
1.241215088447310396e-03 2.563351879372492022e+02 6.854863447075383309e-01 6.193980379739457021e+03 6.450315494600038619e+03
1.265687470191902055e-03 2.563351874991237764e+02 6.854863445454598692e-01 6.304552156165804263e+03 6.560887266302397620e+03
1.290642360950303765e-03 2.563351870435513433e+02 6.854863443769270148e-01 6.417067517721290642e+03 6.673402622866261481e+03
1.316089274097666977e-03 2.563351865698373899e+02 6.854863442016825292e-01 6.531386318936650241e+03 6.787721418809404895e+03
1.342037910579333641e-03 2.563351860772592090e+02 6.854863440194602919e-01 6.647325803035826539e+03 6.903660897342925637e+03
1.368498162609057189e-03 2.563351855650658990e+02 6.854863438299810818e-01 6.765185569557235794e+03 7.021520657985011894e+03
1.395480117440138067e-03 2.563351850324762609e+02 6.854863436329572401e-01 6.885136189779096640e+03 7.141471271994104427e+03
1.422994061210917753e-03 2.563351844786776041e+02 6.854863434280870083e-01 7.006821825136562438e+03 7.263156900792374472e+03
1.451050482866089080e-03 2.563351839028260883e+02 6.854863432150584135e-01 7.130337590736329730e+03 7.386672659466179539e+03
1.479660078155326875e-03 2.563351833040429710e+02 6.854863429935467156e-01 7.255630511255497368e+03 7.511965572673519091e+03
1.508833753710742045e-03 2.563351826814155174e+02 6.854863427632144068e-01 7.383143503715942643e+03 7.639478557407606786e+03
1.538582631204750938e-03 2.563351820339941014e+02 6.854863425237096575e-01 7.512503142556117382e+03 7.768838188090690892e+03
1.568918051589901497e-03 2.563351813607911822e+02 6.854863422746673152e-01 7.643731647762130706e+03 7.900066684685078144e+03
1.599851579422308968e-03 2.563351806607800540e+02 6.854863420157077947e-01 7.777042691369373642e+03 8.033377719197287661e+03
1.631395007270326812e-03 2.563351799328933112e+02 6.854863417464360786e-01 7.912321886938974785e+03 8.168656905164310956e+03
1.663560360210147209e-03 2.563351791760209721e+02 6.854863414664412735e-01 8.049693584510748224e+03 8.306028592595705049e+03
1.696359900410033573e-03 2.563351783890087177e+02 6.854863411752968316e-01 8.189098161915097990e+03 8.445433159293830613e+03
1.729806131804935204e-03 2.563351775706564126e+02 6.854863408725589968e-01 8.330470943073412855e+03 8.586805929150785232e+03
1.763911804863277756e-03 2.563351767197158324e+02 6.854863405577651392e-01 8.474070088629690872e+03 8.730405062772153542e+03
1.798689921447731502e-03 2.563351758348892986e+02 6.854863402304353093e-01 8.619785422044278675e+03 8.876120383586359821e+03
1.834153739771822835e-03 2.563351749148276326e+02 6.854863398900714611e-01 8.767517038561389199e+03 9.023851986804063927e+03
1.870316779454265360e-03 2.563351739581276547e+02 6.854863395361527889e-01 8.917256376096784152e+03 9.173591310303441787e+03
1.907192826672944553e-03 2.563351729633300238e+02 6.854863391681413898e-01 9.069085701247442557e+03 9.325420620639491972e+03
1.944795939420529028e-03 2.563351719289180437e+02 6.854863387854744916e-01 9.223175742610414090e+03 9.479510646362183252e+03
1.983140452863694884e-03 2.563351708533141391e+02 6.854863383875695604e-01 9.379290531092630772e+03 9.635625418340721808e+03
2.022240984808028330e-03 2.563351697348775815e+02 6.854863379738193041e-01 9.537736523779611161e+03 9.794071393604574041e+03
2.062112441270652023e-03 2.563351685719031821e+02 6.854863375435927830e-01 9.698444058135293744e+03 9.954778909569984535e+03
2.102770022162756772e-03 2.563351673626171987e+02 6.854863370962338553e-01 9.861019024349692700e+03 1.011735385638802472e+04
2.144229227084140654e-03 2.563351661051754036e+02 6.854863366310606221e-01 1.002581821436851169e+04 1.028215302593829438e+04
2.186505861232019340e-03 2.563351647976600702e+02 6.854863361473626515e-01 1.019309349984407709e+04 1.044942828980606282e+04
2.229616041426324847e-03 2.563351634380775295e+02 6.854863356444035327e-01 1.036234391182158106e+04 1.061867867899381781e+04
2.273576202253812031e-03 2.563351620243539628e+02 6.854863351214161016e-01 1.053368968993285489e+04 1.079002443306571877e+04
2.318403102333295180e-03 2.563351605543336404e+02 6.854863345776023298e-01 1.070684707537458416e+04 1.096318179316347960e+04
2.364113830704411227e-03 2.563351590257744874e+02 6.854863340121323256e-01 1.088281758798745432e+04 1.113915227901593244e+04
2.410725813342361190e-03 2.563351574363458667e+02 6.854863334241448891e-01 1.106093776683820579e+04 1.131727242964208745e+04
2.458256819801083164e-03 2.563351557836233496e+02 6.854863328127428490e-01 1.124162562591922142e+04 1.149796025893686601e+04
2.506724969987425122e-03 2.563351540650866696e+02 6.854863321769933959e-01 1.142366046102022483e+04 1.167999506266463504e+04
2.556148741068848922e-03 2.563351522781150607e+02 6.854863315159276382e-01 1.160817460356880110e+04 1.186450917211431988e+04
2.606546974517370396e-03 2.563351504199832220e+02 6.854863308285370493e-01 1.179470557141387508e+04 1.205104010506636041e+04
2.657938883292339325e-03 2.563351484878573388e+02 6.854863301137732456e-01 1.198423689246365939e+04 1.224057138928088898e+04
2.710344059164873469e-03 2.563351464787913869e+02 6.854863293705466543e-01 1.217551090495931567e+04 1.243184536296434271e+04
2.763782480186679266e-03 2.563351443897207105e+02 6.854863285977235154e-01 1.236897314583112529e+04 1.262530756291783655e+04
2.818274518306154892e-03 2.563351422174596337e+02 6.854863277941248834e-01 1.256402868803633282e+04 1.282036306202367086e+04
2.873840947134635379e-03 2.563351399586958905e+02 6.854863269585257379e-01 1.276198267137422772e+04 1.301831699988547734e+04
2.930502949865762628e-03 2.563351376099841445e+02 6.854863260896517652e-01 1.296176296774022921e+04 1.321809724834127519e+04
2.988282127351012205e-03 2.563351351677429193e+02 6.854863251861780249e-01 1.316366273797064969e+04 1.341999696808067893e+04
3.047200506334426552e-03 2.563351326282473792e+02 6.854863242467263973e-01 1.336749265824620124e+04 1.362382683516255565e+04
3.107280547849721776e-03 2.563351299876250664e+02 6.854863232698634734e-01 1.357382647482428911e+04 1.383016059566095646e+04
3.168545155782942577e-03 2.563351272418488520e+02 6.854863222541007772e-01 1.378152409812328187e+04 1.403785815992953212e+04
3.231017685603940030e-03 2.563351243867313656e+02 6.854863211978886595e-01 1.399167060793858582e+04 1.424800460752617619e+04
3.294721953270021968e-03 2.563351214179181170e+02 6.854863200996165196e-01 1.420415856202846953e+04 1.446049249604998658e+04
3.359682244305131366e-03 2.563351183308820964e+02 6.854863189576095861e-01 1.441844684225902711e+04 1.467478070723837845e+04
3.425923323058059893e-03 2.563351151209149634e+02 6.854863177701251420e-01 1.463377239232549437e+04 1.489010618467642053e+04
3.493470442143159580e-03 2.563351117831214765e+02 6.854863165353541898e-01 1.485152556092051418e+04 1.510785927674629602e+04
3.562349352067242358e-03 2.563351083124117054e+02 6.854863152514117930e-01 1.507137346789306321e+04 1.532770710312518167e+04
3.632586311046241429e-03 2.563351047034923909e+02 6.854863139163408503e-01 1.529329943257656123e+04 1.554963298293740445e+04
3.704208095015455206e-03 2.563351009508603511e+02 6.854863125281052127e-01 1.551702516018317147e+04 1.577335862120325692e+04
3.777242007837139457e-03 2.563350970487917380e+02 6.854863110845875740e-01 1.574209156247187275e+04 1.599842492950321139e+04
3.851715891709376824e-03 2.563350929913365803e+02 6.854863095835868059e-01 1.596881928177223381e+04 1.622515254989585446e+04
3.927658137780149807e-03 2.563350887723069036e+02 6.854863080228140726e-01 1.619740971182592511e+04 1.645374287584867488e+04
4.005097696970691228e-03 2.563350843852684875e+02 6.854863063998880568e-01 1.642782464646758672e+04 1.668415770093540050e+04
4.084064091012243845e-03 2.563350798235309753e+02 6.854863047123346265e-01 1.665967140343836218e+04 1.691600434266943194e+04
4.164587423700419344e-03 2.563350750801375284e+02 6.854863029575801736e-01 1.689289186676379904e+04 1.714922468479796225e+04
4.246698392371461850e-03 2.563350701478540259e+02 6.854863011329482836e-01 1.712761779484144063e+04 1.738395048540098287e+04
4.330428299604751480e-03 2.563350650191594582e+02 6.854862992356564044e-01 1.736374282032205883e+04 1.762007537682852126e+04
4.415809065156095503e-03 2.563350596862315456e+02 6.854862972628114060e-01 1.760131651862245417e+04 1.785764893416013365e+04
4.502873238126238464e-03 2.563350541409377001e+02 6.854862952114046948e-01 1.783991963832700276e+04 1.809625190569882398e+04
4.591654009369343543e-03 2.563350483748210991e+02 6.854862930783071073e-01 1.807981911307522023e+04 1.833615122468467598e+04
4.682185224146093346e-03 2.563350423790884065e+02 6.854862908602662452e-01 1.832100266344771444e+04 1.857733461132198499e+04
4.774501395026292498e-03 2.563350361445958470e+02 6.854862885538992590e-01 1.856270435204949899e+04 1.881903612795367007e+04
4.868637715045841426e-03 2.563350296618353923e+02 6.854862861556888509e-01 1.880580154444186701e+04 1.906213313958098661e+04
4.964630071123114601e-03 2.563350229209211761e+02 6.854862836619780575e-01 1.904919757295369345e+04 1.930552897830320580e+04
5.062515057739890197e-03 2.563350159115724978e+02 6.854862810689626995e-01 1.929368002502897434e+04 1.955001123097440359e+04
5.162329990891991079e-03 2.563350086231002365e+02 6.854862783726898279e-01 1.953940200109720536e+04 1.979573299751943341e+04
5.264112922315016506e-03 2.563350010443890596e+02 6.854862755690468434e-01 1.978494782401603152e+04 2.004127860059834711e+04
5.367902653990518774e-03 2.563349931638814496e+02 6.854862726537578332e-01 2.003192110508419137e+04 2.028825165066594127e+04
5.473738752938198462e-03 2.563349849695592297e+02 6.854862696223774643e-01 2.027897193556993807e+04 2.053530223874931107e+04
5.581661566299772614e-03 2.563349764489258860e+02 6.854862664702824349e-01 2.052600067798971213e+04 2.078233072684633953e+04
5.691712236720216159e-03 2.563349675889868990e+02 6.854862631926659233e-01 2.077308184573357721e+04 2.102941162776376223e+04
5.803932718032302381e-03 2.563349583762310999e+02 6.854862597845287064e-01 2.102011424135074776e+04 2.127644374348398924e+04
5.918365791250324026e-03 2.563349487966080460e+02 6.854862562406742743e-01 2.126715212882913693e+04 2.152348133736301679e+04
6.035055080879241779e-03 2.563349388355094902e+02 6.854862525556976172e-01 2.151318113520565021e+04 2.176951003607494931e+04
6.154045071545298680e-03 2.563349284777439721e+02 6.854862487239786750e-01 2.175916536529462974e+04 2.201549394350942021e+04
6.275381124954604838e-03 2.563349177075155580e+02 6.854862447396746772e-01 2.200503571936141816e+04 2.226136395924738827e+04
6.399109497186043251e-03 2.563349065083994560e+02 6.854862405967092620e-01 2.224999750822456190e+04 2.250632539362286116e+04
6.525277356325163286e-03 2.563348948633162649e+02 6.854862362887640392e-01 2.249412472242110380e+04 2.275045223640960467e+04
6.653932800445723147e-03 2.563348827545078734e+02 6.854862318092692641e-01 2.273733232811352354e+04 2.299365945302445471e+04
6.785124875945762989e-03 2.563348701635070483e+02 6.854862271513935124e-01 2.297953726232033659e+04 2.323586397970978578e+04
6.918903596245229090e-03 2.563348570711126513e+02 6.854862223080334660e-01 2.321982534310055416e+04 2.347615163402411781e+04
7.055319960852225042e-03 2.563348434573587156e+02 6.854862172718030333e-01 2.345912404000567039e+04 2.371544988432882747e+04
7.194425974805207860e-03 2.563348293014834667e+02 6.854862120350211363e-01 2.369674483830535246e+04 2.395307021525601158e+04
7.336274668498486869e-03 2.563348145818990815e+02 6.854862065897028289e-01 2.393233010348038079e+04 2.418865499151543918e+04
7.480920117898608689e-03 2.563347992761576393e+02 6.854862009275427548e-01 2.416603833564652450e+04 2.442236271221347488e+04
7.628417465159371275e-03 2.563347833609173563e+02 6.854861950399057102e-01 2.439787320107156484e+04 2.465419704262768573e+04
7.778822939643260242e-03 2.563347668119075706e+02 6.854861889178130996e-01 2.462718507344430691e+04 2.488350835571937932e+04
7.932193879357403443e-03 2.563347496038906002e+02 6.854861825519293905e-01 2.485427185332648878e+04 2.511059455086826347e+04
8.088588752812068614e-03 2.563347317106237142e+02 6.854861759325453496e-01 2.507812049374551498e+04 2.533444258051524957e+04
8.248067181310264964e-03 2.563347131048191159e+02 6.854861690495667181e-01 2.529946251049312923e+04 2.555578395898710733e+04
8.410689961676692111e-03 2.563346937581029579e+02 6.854861618924970035e-01 2.551766272478990868e+04 2.577398350668116836e+04
8.576519089434912063e-03 2.563346736409707773e+02 6.854861544504201598e-01 2.573201378573736656e+04 2.598833387192420196e+04
8.745617782441435228e-03 2.563346527227434422e+02 6.854861467119881535e-01 2.594259762703186789e+04 2.619891698719066699e+04
8.918050504985857233e-03 2.563346309715203688e+02 6.854861386653995359e-01 2.614942315402373788e+04 2.640574175660206311e+04
9.093882992366087922e-03 2.563346083541310350e+02 6.854861302983819016e-01 2.635239635199238182e+04 2.660871416422780385e+04
9.273182275948137210e-03 2.563345848360830246e+02 6.854861215981769007e-01 2.655106758741550220e+04 2.680738457553357512e+04
9.456016708720033428e-03 2.563345603815110394e+02 6.854861125515152587e-01 2.674504056505880726e+04 2.700135669423508443e+04
9.642455991349529673e-03 2.563345349531212491e+02 6.854861031446007891e-01 2.693424077860051693e+04 2.719055601272630884e+04
9.832571198755621356e-03 2.563345085121351872e+02 6.854860933630878561e-01 2.711863879679464662e+04 2.737495309840572372e+04
1.002643480720387392e-02 2.563344810182300648e+02 6.854860831920589481e-01 2.729763225568042617e+04 2.755394558635737121e+04
1.022412072193610612e-02 2.563344524294769826e+02 6.854860726160039164e-01 2.747076100300918188e+04 2.772707332328910343e+04
1.042570430534468968e-02 2.563344227022781183e+02 6.854860616187929967e-01 2.763836344427575023e+04 2.789467471299713725e+04
1.063126240570244629e-02 2.563343917912985717e+02 6.854860501836556042e-01 2.779952575076240100e+04 2.805583592606827733e+04
1.084087338645900282e-02 2.563343596493994028e+02 6.854860382931527996e-01 2.795412156658112872e+04 2.821043060528635033e+04
1.105461715611466035e-02 2.563343262275637358e+02 6.854860259291502000e-01 2.810247622499484351e+04 2.835878408213918374e+04
1.127257519868338047e-02 2.563342914748228623e+02 6.854860130727941092e-01 2.824418120626986638e+04 2.850048783574912886e+04
1.149483060475638488e-02 2.563342553381785365e+02 6.854859997044776554e-01 2.837804301128590669e+04 2.863434836667248965e+04
1.172146810317810893e-02 2.563342177625219733e+02 6.854859858038131470e-01 2.850332160294003188e+04 2.875962563715726355e+04
1.195257409334687763e-02 2.563341786905506865e+02 6.854859713496022078e-01 2.862231543873398550e+04 2.887861810080746000e+04
1.218823667815223215e-02 2.563341380626792443e+02 6.854859563198018035e-01 2.873304507269974056e+04 2.898934631223242104e+04
1.242854569756182172e-02 2.563340958169504233e+02 6.854859406914908249e-01 2.883523973065398604e+04 2.909153949611018834e+04
1.267359276287047601e-02 2.563340518889391433e+02 6.854859244408358920e-01 2.892917711032392981e+04 2.918547534838030333e+04
1.292347129162446130e-02 2.563340062116553213e+02 6.854859075430543847e-01 2.901441670784179223e+04 2.927071336423989123e+04
1.317827654323441497e-02 2.563339587154412698e+02 6.854858899723765830e-01 2.908984785111543533e+04 2.934614287163023255e+04
1.343810565529046132e-02 2.563339093278649443e+02 6.854858717020073655e-01 2.915488161142533500e+04 2.941117494136394816e+04
1.370305768059318016e-02 2.563338579736112592e+02 6.854858527040831317e-01 2.920948569655631582e+04 2.946577728008714257e+04
1.397323362491491305e-02 2.563338045743647626e+02 6.854858329496323899e-01 2.925240173103341658e+04 2.950869151305411651e+04
1.424873648550537865e-02 2.563337490486923684e+02 6.854858124085289051e-01 2.928383534587295071e+04 2.954012327004081817e+04
1.452967129035661990e-02 2.563336913119177893e+02 6.854857910494468465e-01 2.930567627912446551e+04 2.956196228510693254e+04
1.481614513824211846e-02 2.563336312759930706e+02 6.854857688398131588e-01 2.931890097550050268e+04 2.957518500007561670e+04
1.510826723954521514e-02 2.563335688493647808e+02 6.854857457457582681e-01 2.932445445399242089e+04 2.958073643086285665e+04
1.540614895789264339e-02 2.563335039368327557e+02 6.854857217320626805e-01 2.932240050041281575e+04 2.957868036156394737e+04
1.570990385260893907e-02 2.563334364394065688e+02 6.854856967621054675e-01 2.931357359446766350e+04 2.956985126868205407e+04
1.601964772200776752e-02 2.563333662541538729e+02 6.854856707978067565e-01 2.929478741458439254e+04 2.955106283514336974e+04
1.633549864753692030e-02 2.563332932740442516e+02 6.854856437995704432e-01 2.926395706456536936e+04 2.952023016797729724e+04
1.665757703879372845e-02 2.563332173877848277e+02 6.854856157262240179e-01 2.921850948210937713e+04 2.947478020988933349e+04
1.698600567942782844e-02 2.563331384796505290e+02 6.854855865349548383e-01 2.915630063254114793e+04 2.941256893123378541e+04
1.732090977394923695e-02 2.563330564293092380e+02 6.854855561812464027e-01 2.907749613143696115e+04 2.933376194819835291e+04
1.766241699545906610e-02 2.563329711116368230e+02 6.854855246188086282e-01 2.898329512346203046e+04 2.923955840373651881e+04
1.801065753432145103e-02 2.563328823965268271e+02 6.854854917995083508e-01 2.887459255158415544e+04 2.913085323964363852e+04
1.836576414779518204e-02 2.563327901486919131e+02 6.854854576732953841e-01 2.875284542331809280e+04 2.900910346067432329e+04
1.872787221064367569e-02 2.563326942274581484e+02 6.854854221881272469e-01 2.861945192058620887e+04 2.887570724577425426e+04
1.909711976674300163e-02 2.563325944865497945e+02 6.854853852898883382e-01 2.847458969996934684e+04 2.873084225158681511e+04
1.947364758170741159e-02 2.563324907738666525e+02 6.854853469223092244e-01 2.831654808810579561e+04 2.857279781044509946e+04
1.985759919655228495e-02 2.563323829312520843e+02 6.854853070268783766e-01 2.814375755122010014e+04 2.840000439483963783e+04
2.024912098241539102e-02 2.563322707942521106e+02 6.854852655427556840e-01 2.795497198647155165e+04 2.821121590820209167e+04
2.064836219635679537e-02 2.563321541918641060e+02 6.854852224066767530e-01 2.774945200725874747e+04 2.800569296950076387e+04
2.105547503825910480e-02 2.563320329462769109e+02 6.854851775528595370e-01 2.752737741323242517e+04 2.778361538160102282e+04
2.147061470884962381e-02 2.563319068725985517e+02 6.854851309129015302e-01 2.729006443739242968e+04 2.754629937703317046e+04
2.189393946886628028e-02 2.563317757785758886e+02 6.854850824156767386e-01 2.703913676708527419e+04 2.729536864127259105e+04
2.232561069939031917e-02 2.563316394642995988e+02 6.854850319872272113e-01 2.677601218561134738e+04 2.703224095605394177e+04
2.276579296336850300e-02 2.563314977219018829e+02 6.854849795506493537e-01 2.650248950104519463e+04 2.675871512594333035e+04
2.321465406834814435e-02 2.563313503352369480e+02 6.854849250259772431e-01 2.621960170765869043e+04 2.647582414416859319e+04
2.367236513044934654e-02 2.563311970795526236e+02 6.854848683300617251e-01 2.592740267385789411e+04 2.618362188202824109e+04
2.413910063959821828e-02 2.563310377211486752e+02 6.854848093764409622e-01 2.562602561811190026e+04 2.588224156086876610e+04
2.461503852604650378e-02 2.563308720170189758e+02 6.854847480752119804e-01 2.531641114658774313e+04 2.557262378627271391e+04
2.510036022820272966e-02 2.563306997144820798e+02 6.854846843328902262e-01 2.499790484922319592e+04 2.525411415506666162e+04
2.559525076180054273e-02 2.563305205507947448e+02 6.854846180522701227e-01 2.467057877475878558e+04 2.492678472013420833e+04
2.609989879043098787e-02 2.563303342527533459e+02 6.854845491322743012e-01 2.433517623725471276e+04 2.459137879657228041e+04
2.661449669746549299e-02 2.563301405362755077e+02 6.854844774678002794e-01 2.399080072558287793e+04 2.424699988312700225e+04
2.713924065939660527e-02 2.563299391059683785e+02 6.854844029495621438e-01 2.363795823568251581e+04 2.389415397893383124e+04
2.767433072062517457e-02 2.563297296546774078e+02 6.854843254639200190e-01 2.327609153968345345e+04 2.353228386572343879e+04
2.821997086972168056e-02 2.563295118630187517e+02 6.854842448927105369e-01 2.290594941152399406e+04 2.316213832014119907e+04
2.877636911719139504e-02 2.563292853988922388e+02 6.854841611130639834e-01 2.252941713266169245e+04 2.278560261903626451e+04
2.934373757477285252e-02 2.563290499169750092e+02 6.854840739972190011e-01 2.214523386020338876e+04 2.240141593454311442e+04
2.992229253629952873e-02 2.563288050581949165e+02 6.854839834123266362e-01 2.175647164246698230e+04 2.201265030204081631e+04
3.051225456015605256e-02 2.563285504491846609e+02 6.854838892202471667e-01 2.136336834924804862e+04 2.161954359606945582e+04
3.111384855336023214e-02 2.563282857017101719e+02 6.854837912773414921e-01 2.096790904646903800e+04 2.122408087455525674e+04
3.172730385730255370e-02 2.563280104120813689e+02 6.854836894342500875e-01 2.056999209256050381e+04 2.082616050235272633e+04
3.235285433517647025e-02 2.563277241605350696e+02 6.854835835356666296e-01 2.017269623335909273e+04 2.042886120667531941e+04
3.299073846113246417e-02 2.563274265105965810e+02 6.854834734200999646e-01 1.977637337122357712e+04 2.003253489070252908e+04
3.364119941118966922e-02 2.563271170084134383e+02 6.854833589196289712e-01 1.938271459863652490e+04 1.963887263590676230e+04
3.430448515594035352e-02 2.563267951820644726e+02 6.854832398596462095e-01 1.899218052514516603e+04 1.924833504994911709e+04
3.498084855508178798e-02 2.563264605408400030e+02 6.854831160585914684e-01 1.860674880302273232e+04 1.886289976843341356e+04
3.567054745381218611e-02 2.563261125744940614e+02 6.854829873276756524e-01 1.822660090333858898e+04 1.848274826056533857e+04
3.637384478112735964e-02 2.563257507524677408e+02 6.854828534705912357e-01 1.785276804095345506e+04 1.810891173038419220e+04
3.709100865005503234e-02 2.563253745230795175e+02 6.854827142832147224e-01 1.748531852948353480e+04 1.774145848919120181e+04
3.782231245986573953e-02 2.563249833126854469e+02 6.854825695532950069e-01 1.712607398894832295e+04 1.738221013510879129e+04
3.856803500029903214e-02 2.563245765248041153e+02 6.854824190601298550e-01 1.677494983058977232e+04 1.703108207598449007e+04
3.932846055784421091e-02 2.563241535392088508e+02 6.854822625742286180e-01 1.643279530762479408e+04 1.668892355030393082e+04
4.010387902411718247e-02 2.563237137109822470e+02 6.854820998569630675e-01 1.609945433144464914e+04 1.635557846520108069e+04
4.089458600637345398e-02 2.563232563695328849e+02 6.854819306602026874e-01 1.577601201215890433e+04 1.603213191033586372e+04
4.170088294020051628e-02 2.563227808175754490e+02 6.854817547259389743e-01 1.546290747046502474e+04 1.571902299186733217e+04
4.252307720443213035e-02 2.563222863300659924e+02 6.854815717858877555e-01 1.516050574257216431e+04 1.541661673087054805e+04
4.336148223832790582e-02 2.563217721530999711e+02 6.854813815610848460e-01 1.487028692070317993e+04 1.512639318666822874e+04
4.421641766106360755e-02 2.563212375027612211e+02 6.854811837614577241e-01 1.459335774657340517e+04 1.484945906938454573e+04
4.508820939357749413e-02 2.563206815639296110e+02 6.854809780853839962e-01 1.432968524455060106e+04 1.458578138583085456e+04
4.597718978281846447e-02 2.563201034890390702e+02 6.854807642192323192e-01 1.407991375851817429e+04 1.433600444997378145e+04
4.688369772844470929e-02 2.563195023967861630e+02 6.854805418368828951e-01 1.384407039852398157e+04 1.410015534923167979e+04
4.780807881201969145e-02 2.563188773707881296e+02 6.854803105992325341e-01 1.362051404280293900e+04 1.387659296682683635e+04
4.875068542875586608e-02 2.563182274581868683e+02 6.854800701536748475e-01 1.340835079357839459e+04 1.366442339906880807e+04
4.971187692185594781e-02 2.563175516681986323e+02 6.854798201335658980e-01 1.320630739877899396e+04 1.346237339614183657e+04
5.069201971950246244e-02 2.563168489706041555e+02 6.854795601576629815e-01 1.301283286824411880e+04 1.326889197788498132e+04
5.169148747454871407e-02 2.563161182941806828e+02 6.854792898295445358e-01 1.282798291957822039e+04 1.308403484220839346e+04
5.271066120696393797e-02 2.563153585250702804e+02 6.854790087370040697e-01 1.265091671368721290e+04 1.290696114803812998e+04
5.374992944908651982e-02 2.563145685050847078e+02 6.854787164514263287e-01 1.247981645153721547e+04 1.273585311758507487e+04
5.480968839374156937e-02 2.563137470299409415e+02 6.854784125271287110e-01 1.231377611512627300e+04 1.256980473810897092e+04
5.589034204527885963e-02 2.563128928474291115e+02 6.854780965006856963e-01 1.215261642619728082e+04 1.240863672144005977e+04
5.699230237358810652e-02 2.563120046555052909e+02 6.854777678902204130e-01 1.199435949364707631e+04 1.225037121139625924e+04
5.811598947115182573e-02 2.563110811003099343e+02 6.854774261946715574e-01 1.183838756343053137e+04 1.209439046043555754e+04
5.926183171319372028e-02 2.563101207741077587e+02 6.854770708930286727e-01 1.168265918906449224e+04 1.193865306919567229e+04
6.043026592098535432e-02 2.563091222131440077e+02 6.854767014435396710e-01 1.152498902539423398e+04 1.178097375213827945e+04
6.162173752837253604e-02 2.563080838954185197e+02 6.854763172828830520e-01 1.136480367260680214e+04 1.162077913183565761e+04
6.283670075158458157e-02 2.563070042383687905e+02 6.854759178253115870e-01 1.119877206934475362e+04 1.145473825666314224e+04
6.407561876239205312e-02 2.563058815964618589e+02 6.854755024617578130e-01 1.102543089963802231e+04 1.128138787838850658e+04
6.533896386467868966e-02 2.563047142586914333e+02 6.854750705589072179e-01 1.084144132654841451e+04 1.109738929889774590e+04
6.662721767449393540e-02 2.563035004459750894e+02 6.854746214582334574e-01 1.064514125967804102e+04 1.090108052931804923e+04
6.794087130365655813e-02 2.563022383084472722e+02 6.854741544749936022e-01 1.043764146016914674e+04 1.069357234651319231e+04
6.928042554697724786e-02 2.563009259226468544e+02 6.854736688971859726e-01 1.022153943075481584e+04 1.047746221222694476e+04
7.064639107317322031e-02 2.562995612885910077e+02 6.854731639844640068e-01 9.996746865509690906e+03 1.025266187207017356e+04
7.203928861954701779e-02 2.562981423267347054e+02 6.854726389670099396e-01 9.763068047989099796e+03 1.001897566986862512e+04
7.345964919050314290e-02 2.562966668748085226e+02 6.854720930443614080e-01 9.515769893742035492e+03 9.771670775592412610e+03
7.490801425997917207e-02 2.562951326845317794e+02 6.854715253841910938e-01 9.251890659297603634e+03 9.507785659467677760e+03
7.638493597786831513e-02 2.562935374181950579e+02 6.854709351210399593e-01 8.974538776440613219e+03 9.230428721090467661e+03
7.789097738051103947e-02 2.562918786451066921e+02 6.854703213549975249e-01 8.688749444425588081e+03 8.944635023507358710e+03
7.942671260533797073e-02 2.562901538378995951e+02 6.854696831503330756e-01 8.398827330318295935e+03 8.654709103148983559e+03
8.099272710974377010e-02 2.562883603686907463e+02 6.854690195340683578e-01 8.107067339194942178e+03 8.362945808528158523e+03
8.258961789427697597e-02 2.562864955050887374e+02 6.854683294944967642e-01 7.815173765759403977e+03 8.071049394521977774e+03
8.421799373023065860e-02 2.562845564060443166e+02 6.854676119796427880e-01 7.525427513579843435e+03 7.781300682393391071e+03
8.587847539171936107e-02 2.562825401175340403e+02 6.854668658956575289e-01 7.240748212087059073e+03 7.496619165753189918e+03
8.757169589233268492e-02 2.562804435680757820e+02 6.854660901051569111e-01 6.963777910235598938e+03 7.219646749319983428e+03
8.929830072645481009e-02 2.562782635640652416e+02 6.854652834254860716e-01 6.697162960467891025e+03 6.953029616268025165e+03
9.105894811534111233e-02 2.562759967849282248e+02 6.854644446269196889e-01 6.443385701756320486e+03 6.699249919468832559e+03
9.285430925804784297e-02 2.562736397780807351e+02 6.854635724307913680e-01 6.204882493003323361e+03 6.460743806425595722e+03
9.468506858730794951e-02 2.562711889536907393e+02 6.854626655075440889e-01 5.983573765699082287e+03 6.239431502254103179e+03
9.655192403045276262e-02 2.562686405792313735e+02 6.854617224747079351e-01 5.781365824878264903e+03 6.037219078757763782e+03
9.845558727547812361e-02 2.562659907738207039e+02 6.854607418947943343e-01 5.599271298398524777e+03 5.855118967032162800e+03
1.003967840423556079e-01 2.562632355023349646e+02 6.854597222731094730e-01 5.437334283643265735e+03 5.693175120506200074e+03
1.023762543596937885e-01 2.562603705692934000e+02 6.854586620554778964e-01 5.295464404404809102e+03 5.551297017510441037e+03
1.043947528468544134e-01 2.562573916124958942e+02 6.854575596258773995e-01 5.171798431835154588e+03 5.427621421137442667e+03
1.064530490016299819e-01 2.562542940964166291e+02 6.854564133039806606e-01 5.064248907245429109e+03 5.320060895682351656e+03
1.085519274935941719e-01 2.562510733053287026e+02 6.854552213425967322e-01 4.970256924228813659e+03 5.226056616683446009e+03
1.106921884632361269e-01 2.562477243361647652e+02 6.854539819250135002e-01 4.886406594705520547e+03 5.142192883917667132e+03
1.128746478269916365e-01 2.562442420910923602e+02 6.854526931622346719e-01 4.808911556337010552e+03 5.064683600030541129e+03
1.151001375882899636e-01 2.562406212697964634e+02 6.854513530901028551e-01 4.733864988911225737e+03 4.989622273039506581e+03
1.173695061547318091e-01 2.562368563614596155e+02 6.854499596663156114e-01 4.657791316788752738e+03 4.913533667999909085e+03
1.196836186615220371e-01 2.562329416364241865e+02 6.854485107673170541e-01 4.577268823519826583e+03 4.832996460143687727e+03
1.220433573012793399e-01 2.562288711375287562e+02 6.854470041850679873e-01 4.488944358165726953e+03 4.744657944060763839e+03
1.244496216603475924e-01 2.562246386711005925e+02 6.854454376236892577e-01 4.390460708174369756e+03 4.646161300412402852e+03
1.269033290617390120e-01 2.562202377975957575e+02 6.854438086959718790e-01 4.280139811874583756e+03 4.535828830531984750e+03
1.294054149148391175e-01 2.562156618218715494e+02 6.854421149197434948e-01 4.157736004219680581e+03 4.413415093255704051e+03
1.319568330720052585e-01 2.562109037830738885e+02 6.854403537141010583e-01 4.023285781722879165e+03 4.278956791543317195e+03
1.345585561921980311e-01 2.562059564441318571e+02 6.854385223954828632e-01 3.878307200041773740e+03 4.133971996681565543e+03
1.372115761117801147e-01 2.562008122808347821e+02 6.854366181735946917e-01 3.725419311716062566e+03 3.981079601098784224e+03
1.399169042226274806e-01 2.561954634704852651e+02 6.854346381471658756e-01 3.567310340283832375e+03 3.822967614145972220e+03
1.426755718576954435e-01 2.561899018801041734e+02 6.854325792995449307e-01 3.408204505543913911e+03 3.663859750240895210e+03
1.454886306841855770e-01 2.561841190541751416e+02 6.854304384941143358e-01 3.251826732733479730e+03 3.507480416558566048e+03
1.483571531044657332e-01 2.561781062019087472e+02 6.854282124695297851e-01 3.103084846082527747e+03 3.358736627682616927e+03
1.512822326648947391e-01 2.561718541840071452e+02 6.854258978347627096e-01 2.965906597166503616e+03 3.221555366195918396e+03
1.542649844727063402e-01 2.561653534989128502e+02 6.854234910639577238e-01 2.843222251879136820e+03 3.098866194028521932e+03
1.573065456211147073e-01 2.561585942685197210e+02 6.854209884910749118e-01 2.736715055183892218e+03 2.992351789664347962e+03
1.604080756227993232e-01 2.561515662233241528e+02 6.854183863043290525e-01 2.646655978235238763e+03 2.902282765810661658e+03
1.635707568519381983e-01 2.561442586869998763e+02 6.854156805404041375e-01 2.571395878615914626e+03 2.827009983552505219e+03
1.667957949949565033e-01 2.561366605603686253e+02 6.854128670784394028e-01 2.508527261007209745e+03 2.764126140180947459e+03
1.700844195101607614e-01 2.561287603047488801e+02 6.854099416337811057e-01 2.454965163548581586e+03 2.710546673400046075e+03
1.734378840964369284e-01 2.561205459246545502e+02 6.854068997514815020e-01 2.406871503234366628e+03 2.662434160727734252e+03
1.768574671711897472e-01 2.561120049498218805e+02 6.854037367995475805e-01 2.360675085333288735e+03 2.616218127166807790e+03
1.803444723577035391e-01 2.561031244165391172e+02 6.854004479619173473e-01 2.312074842144986633e+03 2.567598533841869994e+03
1.839002289821137781e-01 2.560938908482490319e+02 6.853970282311607765e-01 2.257587156780311034e+03 2.513092747885930748e+03
1.875260925801771617e-01 2.560842902354032162e+02 6.853934724008963197e-01 2.194254317724261455e+03 2.449744050454381068e+03
1.912234454140315509e-01 2.560743080145336421e+02 6.853897750579005521e-01 2.121731091719369033e+03 2.377207608182268359e+03
1.949936969991474811e-01 2.560639290465155113e+02 6.853859305739153918e-01 2.041277340817447794e+03 2.296743252598483650e+03
1.988382846416662519e-01 2.560531375939909253e+02 6.853819330971235857e-01 1.955714223186877916e+03 2.211171603834130565e+03
2.027586739863345699e-01 2.560419172979215432e+02 6.853777765432957914e-01 1.868379969313652737e+03 2.123830078841364411e+03
2.067563595752424099e-01 2.560302511532367475e+02 6.853734545865833860e-01 1.782519727736346795e+03 2.037962893515826181e+03
2.108328654175754546e-01 2.560181214835470200e+02 6.853689606499503428e-01 1.701922746033648536e+03 1.957358016017328055e+03
2.149897455706028526e-01 2.560055099148828504e+02 6.853642878952322937e-01 1.629227141649289024e+03 1.884652487846876511e+03
2.192285847321200076e-01 2.559923973484283977e+02 6.853594292127965781e-01 1.566243914590461372e+03 1.821656377554735172e+03
2.235509988445701646e-01 2.559787639322107111e+02 6.853543772108041665e-01 1.513259409026668209e+03 1.768655556101311959e+03
2.279586357110803818e-01 2.559645890317044348e+02 6.853491242040424813e-01 1.468783452620065873e+03 1.724160041699505200e+03
2.324531756236401514e-01 2.559498511993155603e+02 6.853436622023243441e-01 1.430385815595463328e+03 1.685740248449131059e+03
2.370363320036679433e-01 2.559345281427021916e+02 6.853379828984285105e-01 1.394921929845792192e+03 1.650252692836556889e+03
2.417098520552071750e-01 2.559185966918888653e+02 6.853320776555685834e-01 1.359146490254602668e+03 1.614453394461815151e+03
2.464755174309990471e-01 2.559020327651341802e+02 6.853259374943696525e-01 1.320370551651346887e+03 1.575654694598328888e+03
2.513351449116900671e-01 2.558848113335024834e+02 6.853195530793355639e-01 1.277133738298555727e+03 1.532397109208578740e+03
2.562905870984309442e-01 2.558669063840984279e+02 6.853129147047831715e-01 1.229571172844028297e+03 1.484815973398331380e+03
2.613437331191290625e-01 2.558482908819113106e+02 6.853060122802316911e-01 1.179178938536986834e+03 1.434406878635288194e+03
2.664965093486290626e-01 2.558289367302257062e+02 6.852988353152121848e-01 1.128205518104097109e+03 1.383417302476529585e+03
2.717508801430891796e-01 2.558088147295430588e+02 6.852913729034937340e-01 1.079138502962574194e+03 1.334333516931581016e+03
2.771088485888397179e-01 2.557878945349649769e+02 6.852836137066820044e-01 1.034256103412645871e+03 1.289432318515106090e+03
2.825724572660058831e-01 2.557661446119840321e+02 6.852755459371877578e-01 9.947005264934964543e+02 1.249854978607414751e+03
2.881437890271848490e-01 2.557435321906262971e+02 6.852671573405264560e-01 9.604871563354297450e+02 1.215616535157507769e+03
2.938249677914770985e-01 2.557200232178901445e+02 6.852584351769258619e-01 9.303509435937738772e+02 1.185452415153106813e+03
2.996181593541742405e-01 2.556955823084221890e+02 6.852493662022246523e-01 9.024510532481995142e+02 1.157522762643033275e+03
3.055255722124076145e-01 2.556701726933720522e+02 6.852399366480200760e-01 8.747066032771315349e+02 1.129748026603375138e+03
3.115494584070800377e-01 2.556437561673625112e+02 6.852301322010512230e-01 8.455859727823157073e+02 1.100597732027687471e+03
3.176921143813934423e-01 2.556162930335147223e+02 6.852199379817777158e-01 8.145602838772889527e+02 1.069543550555335514e+03
3.239558818563064713e-01 2.555877420464626937e+02 6.852093385221292854e-01 7.821990647784926978e+02 1.037154749419023574e+03
3.303431487232528219e-01 2.555580603532915802e+02 6.851983177423924820e-01 7.499149738554682472e+02 1.004842960722558928e+03
3.368563499544582895e-01 2.555272034323331241e+02 6.851868589272068766e-01 7.191140445253439566e+02 9.740130216132404257e+02
3.434979685312089526e-01 2.554951250297480101e+02 6.851749447006263427e-01 6.909337575868245267e+02 9.458012677861665907e+02
3.502705363904211611e-01 2.554617770938270098e+02 6.851625570002262133e-01 6.656599113676783190e+02 9.204929836469315205e+02
3.571766353898719881e-01 2.554271097069372445e+02 6.851496770502067957e-01 6.427370037573109585e+02 8.975329171720800332e+02
3.642188982924635110e-01 2.553910710150422005e+02 6.851362853334636016e-01 6.210550564581050139e+02 8.758119700079489576e+02
3.714000097698931246e-01 2.553536071547206916e+02 6.851223615625825492e-01 5.996092914752376828e+02 8.543262932292811911e+02
3.787227074261094173e-01 2.553146621776088523e+02 6.851078846497249408e-01 5.776127868919672892e+02 8.322898131558328032e+02
3.861897828409524003e-01 2.552741779721901025e+02 6.850928326753535913e-01 5.552106514771428465e+02 8.098475546012621180e+02
3.938040826343648382e-01 2.552320941828541265e+02 6.850771828557667975e-01 5.330954505964122063e+02 7.876913267752163392e+02
4.015685095515900693e-01 2.551883481261473321e+02 6.850609115093890811e-01 5.119901887401192084e+02 7.665432153873994139e+02
4.094860235697660999e-01 2.551428747041349538e+02 6.850439940217777357e-01 4.923310638469955052e+02 7.468387261797333849e+02
4.175596430263343040e-01 2.550956063147957309e+02 6.850264048092968849e-01 4.741312524239319259e+02 7.285908121226636922e+02
4.257924457696995457e-01 2.550464727593690952e+02 6.850081172814108665e-01 4.569559273967423110e+02 7.113650294019913645e+02
4.341875703325780433e-01 2.549954011465723909e+02 6.849891038015476497e-01 4.402431895515115343e+02 6.946001263262087377e+02
4.427482171284746748e-01 2.549423157936111011e+02 6.849693356464842120e-01 4.236921454987104312e+02 6.779955812227083243e+02
4.514776496717573528e-01 2.548871381238978699e+02 6.849487829641920378e-01 4.072664545669480844e+02 6.615150776629028542e+02
4.603791958217800517e-01 2.548297865614031537e+02 6.849274147301006588e-01 3.912980745660553339e+02 6.454900055654077278e+02
4.694562490515405973e-01 2.547701764215571529e+02 6.849051987017129584e-01 3.760808638565617343e+02 6.302136336643889081e+02
4.787122697413511707e-01 2.547082197986251231e+02 6.848821013715199468e-01 3.616871937925129714e+02 6.157580494316305249e+02
4.881507864980121347e-01 2.546438254494790954e+02 6.848580879181543901e-01 3.480332831403852651e+02 6.020394431430563600e+02
4.977753974999984399e-01 2.545768986736917725e+02 6.848331221557218962e-01 3.348663991314220425e+02 5.888053874700850656e+02
5.075897718691696481e-01 2.545073411898779909e+02 6.848071664812479531e-01 3.220049189119214361e+02 5.758744890133119725e+02
5.175976510695191601e-01 2.544350510082166750e+02 6.847801818201729729e-01 3.094674691892753344e+02 5.632652409022728079e+02
5.278028503335103760e-01 2.543599222990823989e+02 6.847521275698355003e-01 2.973583827736725311e+02 5.510816479049461805e+02
5.382092601165263668e-01 2.542818452577282358e+02 6.847229615408685355e-01 2.857833991867527743e+02 5.394290773955518716e+02
5.488208475800028241e-01 2.542007059649561143e+02 6.846926398964449101e-01 2.747324894087118423e+02 5.282973508583243074e+02
5.596416581038012872e-01 2.541163862437245484e+02 6.846611170892968889e-01 2.641090877079001302e+02 5.175899543965122120e+02
5.706758168283985189e-01 2.540287635116426088e+02 6.846283457964381647e-01 2.538350609304794432e+02 5.072287864686095418e+02
5.819275302274846684e-01 2.539377106293125337e+02 6.845942768515151933e-01 2.438902122770324752e+02 4.971935527622216568e+02
5.934010877115700744e-01 2.538430957444821559e+02 6.845588591747087115e-01 2.343021158930973513e+02 4.875116009045701730e+02
6.051008632632021156e-01 2.537447821319837828e+02 6.845220397001059442e-01 2.250912001631113242e+02 4.782031329055919855e+02
6.170313171044323752e-01 2.536426280294424771e+02 6.844837633004723365e-01 2.162520600759018521e+02 4.692625745217461599e+02
6.291969973971505148e-01 2.535364864687468867e+02 6.844439727093299952e-01 2.077587212418513047e+02 4.606638368386536513e+02
6.416025419769502136e-01 2.534262051032872591e+02 6.844026084402706767e-01 1.995838553934849813e+02 4.523794831287094667e+02
6.542526801211795418e-01 2.533116260309794541e+02 6.843596087034085063e-01 1.917078243905201020e+02 4.443897446395126281e+02
6.671522343518461184e-01 2.531925856131049386e+02 6.843149093189038190e-01 1.841159215734558927e+02 4.366797671369530462e+02
6.803061222740746095e-01 2.530689142890152823e+02 6.842684436274479864e-01 1.768138662977482625e+02 4.292550475491935913e+02
6.937193584508122290e-01 2.529404363867658674e+02 6.842201423976470576e-01 1.697891668826760281e+02 4.221029253990333245e+02
7.073970563144909018e-01 2.528069699297589921e+02 6.841699337301958561e-01 1.630303480063082304e+02 4.152117488801981153e+02
7.213444301163866035e-01 2.526683264395025788e+02 6.841177429587644854e-01 1.565282555131177844e+02 4.085721738314668983e+02
7.355667969144136231e-01 2.525243107346070985e+02 6.840634925475056471e-01 1.502823696873007293e+02 4.021834491060641312e+02
7.500695786001031484e-01 2.523747207261743313e+02 6.840071019850852974e-01 1.442803443491321786e+02 3.960330367843517934e+02
7.648583039655585392e-01 2.522193472097489462e+02 6.839484876751596998e-01 1.385063089725460941e+02 3.901048866238832034e+02
7.799386108111522331e-01 2.520579736540414046e+02 6.838875628231954051e-01 1.329515538579372844e+02 3.843900747930156285e+02
7.953162480947858493e-01 2.518903759866577161e+02 6.838242373195501100e-01 1.276038401882508566e+02 3.788761596069514326e+02
8.109970781235277260e-01 2.517163223771040066e+02 6.837584176187219143e-01 1.224776227669486559e+02 3.735772555124914902e+02
8.269870787884526786e-01 2.515355730173719735e+02 6.836900066146832655e-01 1.175406345561748367e+02 3.684609756560974461e+02
8.432923458435540587e-01 2.513478799004518578e+02 6.836189035122030022e-01 1.127955089341513286e+02 3.635296566490019927e+02
8.599190952295866497e-01 2.511529865971573656e+02 6.835450036940815544e-01 1.082443286101072317e+02 3.587850724464370273e+02
8.768736654437196965e-01 2.509506280316971072e+02 6.834681985842140373e-01 1.038781089975027641e+02 3.542179793709248088e+02
8.941625199559237736e-01 2.507405302564725957e+02 6.833883755063934196e-01 9.967072767453875315e+01 3.498020947328394072e+02
9.117922496729874426e-01 2.505224102266360831e+02 6.833054175387902607e-01 9.563167453557765896e+01 3.455465327105569031e+02
9.297695754511243749e-01 2.502959755749959072e+02 6.832192033640227535e-01 9.175237705116197162e+01 3.414424412535056490e+02
9.481013506581196237e-01 2.500609243879202666e+02 6.831296071147586746e-01 8.802550293151682581e+01 3.374821942814483009e+02
9.667945637859854946e-01 2.498169449829481152e+02 6.830364982147786312e-01 8.444258752272379809e+01 3.336570345837870946e+02
9.858563411151367584e-01 2.495637156888874131e+02 6.829397412154500913e-01 8.100356352654932834e+01 3.299665346236818664e+02
1.005293949431093736e+00 2.493009046292526136e+02 6.828391956275545738e-01 7.769970513803149004e+01 3.264016602100508635e+02
1.025114798794745541e+00 2.490281695099652097e+02 6.827347157484301432e-01 7.452687979808428054e+01 3.229579286444489981e+02
1.045326445367232626e+00 2.487451574123276714e+02 6.826261504843957884e-01 7.147872645483741394e+01 3.196286369770378997e+02
1.065936594290531003e+00 2.484515045923594414e+02 6.825133431684278218e-01 6.855013243921919752e+01 3.164083123678585707e+02
1.086953102624827805e+00 2.481468362876773028e+02 6.823961313730810829e-01 6.574372268849029410e+01 3.132991410433902502e+02
1.108383982343810192e+00 2.478307665331975329e+02 6.822743467186486166e-01 6.304808887469562251e+01 3.102893874037693536e+02
1.130237403389021678e+00 2.475028979870281773e+02 6.821478146765753703e-01 6.045594955308828844e+01 3.073714025827130740e+02
1.152521696784417626e+00 2.471628217680336093e+02 6.820163543681506679e-01 5.796873505049848063e+01 3.045461562118897518e+02
1.175245357812350733e+00 2.468101173066532397e+02 6.818797783585214267e-01 5.558464935400463247e+01 3.018114068850553622e+02
1.198417049252165301e+00 2.464443522106708144e+02 6.817378924460939515e-01 5.329393382941469781e+01 2.991570234667114505e+02
1.222045604682645781e+00 2.460650821477473755e+02 6.815904954473949173e-01 5.109819239393277712e+01 2.965841080343845988e+02
1.246140031849577889e+00 2.456718507466522965e+02 6.814373789774987866e-01 4.899082379689132694e+01 2.940856345178142419e+02
1.270709516099716607e+00 2.452641895192458890e+02 6.812783272261533352e-01 4.696473121265652395e+01 2.916540821371979746e+02
1.295763423882434928e+00 2.448416178054024783e+02 6.811131167297440614e-01 4.502009950288732654e+01 2.892891156575137757e+02
1.321311306320440249e+00 2.444036427431835534e+02 6.809415161392839977e-01 4.315630575117202739e+01 2.869895856279199506e+02
1.347362902850876454e+00 2.439497592667121921e+02 6.807632859846368678e-01 4.136910247406600405e+01 2.847507519761493313e+02
1.373928144938218354e+00 2.434794501343272088e+02 6.805781784352146202e-01 3.965187853003249785e+01 2.825655364265768981e+02
1.401017159860384220e+00 2.429921859897341392e+02 6.803859370574326659e-01 3.800406428289640104e+01 2.804328101769383466e+02
1.428640274569469071e+00 2.424874254590052374e+02 6.801862965692291318e-01 3.642308278157644708e+01 2.783494527250240935e+02
1.456808019628625717e+00 2.419646152864140163e+02 6.799789825920165010e-01 3.490617059318784499e+01 2.763121494982985951e+02
1.485531133226553724e+00 2.414231905122216233e+02 6.797637114004608794e-01 3.345377789779876565e+01 2.743207364000523398e+02
1.514820565271142838e+00 2.408625746956626301e+02 6.795401896705400846e-01 3.205752949125644591e+01 2.723663588927474279e+02
1.544687481563824738e+00 2.402821801865031830e+02 6.793081142263829308e-01 3.071892683225854270e+01 2.704498678607513398e+02
1.575143268056245160e+00 2.396814084486549916e+02 6.790671717864413814e-01 2.943641022254608330e+01 2.685690906370001017e+02
1.606199535190829142e+00 2.390596504394488875e+02 6.788170387096126301e-01 2.820417798155491340e+01 2.667176837622956782e+02
1.637868122326961551e+00 2.384162870482605001e+02 6.785573807419870151e-01 2.702557243532245579e+01 2.648982661393727085e+02
1.670161102254416274e+00 2.377506895982728281e+02 6.782878527649635059e-01 2.589166547707146293e+01 2.631014181801379550e+02
1.703090785795778439e+00 2.370622204152315931e+02 6.780080985455391174e-01 2.480753260678487493e+01 2.613314345093561428e+02
1.736669726499624256e+00 2.363502334671010487e+02 6.777177504896733096e-01 2.376651688242530724e+01 2.595811122456272528e+02
1.770910725426200427e+00 2.356140750785674243e+02 6.774164293996811637e-01 2.276750269413498273e+01 2.578486702545418439e+02
1.805826836027494720e+00 2.348530847243398512e+02 6.771037442367066062e-01 2.180919561709065491e+01 2.561321456424786902e+02
1.841431369123507800e+00 2.340665959051934522e+02 6.767792918894217635e-01 2.089039983014711055e+01 2.544296659347284901e+02
1.877737897976637260e+00 2.332539371106445287e+02 6.764426569501661435e-01 2.001017826248510545e+01 2.527396056300435134e+02
1.914760263466131596e+00 2.324144328720785495e+02 6.760934114998696787e-01 1.916618555053462813e+01 2.510589643819938601e+02
1.952512579364527490e+00 2.315474049100300533e+02 6.757311149031697273e-01 1.835729384255314400e+01 2.493859271012664180e+02
1.991009237718156966e+00 2.306521733791589952e+02 6.753553136152675718e-01 1.758106788044420199e+01 2.477174083474672841e+02
2.030264914333721471e+00 2.297280582142736591e+02 6.749655410021515589e-01 1.683823734755264923e+01 2.460533972388314794e+02
2.070294574373046093e+00 2.287743805804931583e+02 6.745613171759629045e-01 1.612571897460881587e+01 2.443901839575753172e+02
2.111113478058133985e+00 2.277904644303477824e+02 6.741421488473519075e-01 1.544227698791122982e+01 2.427258582769514703e+02
2.152737186488733023e+00 2.267756381702557178e+02 6.737075291968345203e-01 1.478597563057438435e+01 2.410578400396525183e+02
2.195181567574555626e+00 2.257292364383988854e+02 6.732569377672580346e-01 1.415772427339125805e+01 2.393863054547034039e+02
2.238462802084505210e+00 2.246506019955382953e+02 6.727898403796157556e-01 1.355497982746513053e+01 2.377081040910130412e+02
2.282597389815152145e+00 2.235390877297626844e+02 6.723056890745846559e-01 1.297781783190134064e+01 2.360226239462915316e+02
2.327602155880828416e+00 2.223940587755455169e+02 6.718039220822763502e-01 1.242392199557180277e+01 2.343269632827312137e+02
2.373494257127765739e+00 2.212148947467993310e+02 6.712839638228322858e-01 1.189338033118947102e+01 2.326205497630537309e+02
2.420291188674648541e+00 2.200009920828461532e+02 6.707452249406112843e-01 1.138467920814431444e+01 2.309012897086111309e+02
2.468010790582172209e+00 2.187517665053884457e+02 6.701871023748587897e-01 1.089652173683753666e+01 2.291673211107484178e+02
2.516671254654078815e+00 2.174666555836461441e+02 6.696089794698444342e-01 1.042848837930688077e+01 2.274176453276656389e+02
2.566291131372286483e+00 2.161451214038368676e+02 6.690102261276018591e-01 9.980015506658263647e+00 2.256511498105643057e+02
2.616889336968755142e+00 2.147866533381073566e+02 6.683901990064965437e-01 9.550095387454698326e+00 2.238663268954725822e+02
2.668485160636805631e+00 2.133907709068926408e+02 6.677482417689569738e-01 9.138171020034766556e+00 2.220621299166836025e+02
2.721098271884569986e+00 2.119570267274723392e+02 6.670836853818022938e-01 8.743583938136715972e+00 2.202374493208182855e+02
2.774748728033479939e+00 2.104850095402277930e+02 6.663958484726738574e-01 8.365081111943519332e+00 2.183906507676424837e+02
2.829456981864570952e+00 2.089743473027874074e+02 6.656840377461519243e-01 8.002302448786151601e+00 2.165209872016538384e+02
2.885243889415543883e+00 2.074247103408762030e+02 6.649475484631831579e-01 7.654698865488439807e+00 2.146275752227903979e+02
2.942130717931587203e+00 2.058358145432871424e+02 6.641856649874758878e-01 7.321537733412946558e+00 2.127094054425244849e+02
3.000139153972902761e+00 2.042074245869666242e+02 6.633976614025335339e-01 7.002170968940869322e+00 2.107655989968362462e+02
3.059291311682140524e+00 2.025393571767654919e+02 6.625828022029601749e-01 6.696082643046812777e+00 2.087954545960537587e+02
3.119609741214812271e+00 2.008314842829867928e+02 6.617403430636408235e-01 6.402914395528734204e+00 2.067984741355235201e+02
3.181117437335917231e+00 1.990837363584471120e+02 6.608695316903044903e-01 6.121994318901929688e+00 2.047739262695270099e+02
3.243837848186100548e+00 1.972961055154116821e+02 6.599696087548639900e-01 5.852970763227727247e+00 2.027214411158125813e+02
3.307794884220580656e+00 1.954686486414609021e+02 6.590398089187552433e-01 5.595113298429006399e+00 2.006403633776878905e+02
3.373012927324388954e+00 1.936014904321306460e+02 6.580793619473102041e-01 5.348030201100220538e+00 1.985304218183985085e+02
3.439516840107293305e+00 1.916948263170659459e+02 6.570874939179150998e-01 5.111622083108647630e+00 1.963916852863460463e+02
3.507331975381996703e+00 1.897489252554501320e+02 6.560634285244256736e-01 4.884927061529336534e+00 1.942235036484858597e+02
3.576484185829199802e+00 1.877641323756550662e+02 6.550063884799185443e-01 4.667705395351458009e+00 1.920259698950544873e+02
3.646999833853263429e+00 1.857408714334167144e+02 6.539155970194414635e-01 4.460004831647599310e+00 1.897995167558417791e+02
3.718905801632117036e+00 1.836796470624125561e+02 6.527902795039339789e-01 4.260837108132520257e+00 1.875437142425394370e+02
3.792229501365389943e+00 1.815810467908976307e+02 6.516296651259142481e-01 4.070357939622151200e+00 1.852592581010164849e+02
3.866998885724558299e+00 1.794457427981028559e+02 6.504329887169078006e-01 3.887744420368734577e+00 1.829460422941365891e+02
3.943242458509138793e+00 1.772744933843979425e+02 6.491994926558737333e-01 3.713103737565133677e+00 1.806048888424013796e+02
4.020989285513018707e+00 1.750681441298035281e+02 6.479284288771046674e-01 3.545918267098146615e+00 1.782361441205155472e+02
4.100269005604952000e+00 1.728276287163247673e+02 6.466190609752174856e-01 3.385930945821789884e+00 1.758404785146943254e+02
4.181111842027610770e+00 1.705539693907459764e+02 6.452706664038936335e-01 3.232811850038507906e+00 1.734185869799400450e+02
4.263548613919363461e+00 1.682482770460284200e+02 6.438825387640459974e-01 3.086216829746567303e+00 1.709712423651559163e+02
4.347610748063238439e+00 1.659117509012449432e+02 6.424539901759611649e-01 2.946015639699407718e+00 1.684994959655948037e+02
4.433330290867522727e+00 1.635456777620870810e+02 6.409843537288312243e-01 2.812046743655761905e+00 1.660044583292556695e+02
4.520739920582619753e+00 1.611514308463763143e+02 6.394729859998582455e-01 2.683830830575449244e+00 1.634870494315873657e+02
4.609872959758697597e+00 1.587304681616891457e+02 6.379192696338230606e-01 2.561222080330801010e+00 1.609485678390618091e+02
4.700763387949036698e+00 1.562843304251365453e+02 6.363226159726942388e-01 2.444021891345126818e+00 1.583903489597260261e+02
4.793445854663807459e+00 1.538146385185155225e+02 6.346824677234675915e-01 2.331798992917564650e+00 1.558136095153977578e+02
4.887955692579245337e+00 1.513230904754340997e+02 6.329983016510568605e-01 2.224606883319736106e+00 1.532200617107421579e+02
4.984328931007314445e+00 1.488114580005649543e+02 6.312696312816301614e-01 2.121985854574104824e+00 1.506110525035427372e+02
5.082602309630846804e+00 1.462815825249015518e+02 6.294960096004325045e-01 2.023927425354135501e+00 1.479883850532277165e+02
5.182813292509588443e+00 1.437353708046925362e+02 6.276770317267451604e-01 1.930249620585238635e+00 1.453537799692882686e+02
5.285000082362347307e+00 1.411747900756290051e+02 6.258123375473585437e-01 1.840723122827935487e+00 1.427089798673306973e+02
5.389201635130731027e+00 1.386018627777866072e+02 6.239016142887062744e-01 1.755067707408261457e+00 1.400557424799970931e+02
5.495457674830086958e+00 1.360186608707471407e+02 6.219445990066856389e-01 1.673297902205952647e+00 1.373961210327405809e+02
5.603808708693140517e+00 1.334272997622382491e+02 6.199410809722453175e-01 1.595167767778774337e+00 1.347319965026108264e+02
5.714296042612323490e+00 1.308299318774541291e+02 6.178909039299782524e-01 1.520522984998174287e+00 1.320653642373178229e+02
5.826961796886510392e+00 1.282287398999845891e+02 6.157939682063893194e-01 1.449291341217098461e+00 1.293983172199247349e+02
5.941848922278245126e+00 1.256259297189119764e+02 6.136502326441066746e-01 1.381169653432172018e+00 1.267327859474387992e+02
6.059001216387535749e+00 1.230237231201416677e+02 6.114597163382213818e-01 1.316159012974329912e+00 1.240709636515636589e+02
6.178463340348555377e+00 1.204243502633767093e+02 6.092225001511087923e-01 1.254127665285939885e+00 1.214149449555842750e+02
6.300280835855414097e+00 1.178300419893293878e+02 6.069387279826151671e-01 1.194890534949868188e+00 1.187667844373910100e+02
6.424500142523739576e+00 1.152430220047300082e+02 6.046086077733305864e-01 1.138301806221993617e+00 1.161285625612240722e+02
6.551168615594511913e+00 1.126654989954649579e+02 6.022324122199383956e-01 1.084277822579361450e+00 1.135023944429300542e+02
6.680334543986950813e+00 1.100996587206821289e+02 5.998104791832080673e-01 1.032742640124697298e+00 1.108903784696534558e+02
6.812047168707409561e+00 1.075476561429306628e+02 5.973432117712539346e-01 9.835932277247056987e-01 1.082945618442869034e+02
6.946356701621091645e+00 1.050116076512957051e+02 5.948310780830823319e-01 9.367123275789372983e-01 1.057169434343685168e+02
7.083314344594016099e+00 1.024935834359750402e+02 5.922746106002652056e-01 8.919541655516738388e-01 1.031594560430022085e+02
7.222972309012329006e+00 9.999560007375845316e+01 5.896744052177741446e-01 8.492603517168982874e-01 1.006240458096381474e+02
7.365383835686458269e+00 9.751961338430317028e+01 5.870311199085567200e-01 8.085506463003820921e-01 9.811258220431570010e+01
7.510603215147792611e+00 9.506751161683313001e+01 5.843454730202906067e-01 7.697265508746514717e-01 9.562685462576082784e+01
7.658685808345383705e+00 9.264110902581879259e+01 5.816182412069076380e-01 7.326965835493585155e-01 9.316858487905072650e+01
7.809688067750862217e+00 9.024213989215270715e+01 5.788502570018088100e-01 6.973817652644284104e-01 9.073942497024255260e+01
7.963667558879401476e+00 8.787225304323730768e+01 5.760424060441980965e-01 6.637045408599070440e-01 8.834094346643344409e+01
8.120682982235004843e+00 8.553300692109918657e+01 5.731956239745336079e-01 6.316121320626065794e-01 8.597463692873590446e+01
8.280794195688466530e+00 8.322586524208772119e+01 5.703108930196433279e-01 6.010046278510968731e-01 8.364187501090252397e+01
8.444062237296622087e+00 8.095219328486658128e+01 5.673892382925027622e-01 5.718420669053206895e-01 8.134397184729311903e+01
8.610549348571362671e+00 7.871325483532564249e+01 5.644317238359457534e-01 5.440361579990216079e-01 7.908210754201212467e+01
8.780318998207578218e+00 7.651020980782638503e+01 5.614394484435335508e-01 5.175514011114804580e-01 7.685739541775998873e+01
8.953435906278864209e+00 7.434411255210514469e+01 5.584135412944276622e-01 4.923065372483265700e-01 7.467081310118673798e+01
9.129966068910277954e+00 7.221591084446936293e+01 5.553551574422490589e-01 4.682475959612920069e-01 7.252325117528307885e+01
9.309976783437637238e+00 7.012644555106963651e+01 5.522654732005420897e-01 4.453264006975341527e-01 7.041549796933581717e+01
9.493536674062704961e+00 6.807645094049328804e+01 5.491456814694958277e-01 4.235044577713107383e-01 6.834824221522198684e+01
9.680715718014365478e+00 6.606655561324910764e+01 5.459969870500098743e-01 4.027114291347765329e-01 6.632204733136805430e+01
9.871585272225535945e+00 6.409728400751295396e+01 5.428206019919802339e-01 3.829215270178434882e-01 6.433740205655523425e+01
1.006621810053605692e+01 6.216905843434413015e+01 5.396177410238304217e-01 3.641023621949088240e-01 6.239468919882246212e+01
1.026468840143190953e+01 6.028220159201453043e+01 5.363896171098472276e-01 3.461507960677491780e-01 6.049414916081011739e+01
1.046707183633146698e+01 5.843693950851720587e+01 5.331374371808506041e-01 3.291402337072396045e-01 5.863603513149777058e+01
1.067344555842922382e+01 5.663340486394223205e+01 5.298623980821799417e-01 3.129446038113035677e-01 5.682038524820901415e+01
1.088388824210844774e+01 5.487164065010056646e+01 5.265656827809682694e-01 2.975027734685788405e-01 5.504718970752561091e+01
1.109848011293362902e+01 5.315160413307283704e+01 5.232484568723404506e-01 2.827919195983739087e-01 5.331637684423353818e+01
1.131730297823428089e+01 5.147317109430920823e+01 5.199118654214955892e-01 2.688291009292143041e-01 5.162781688978807182e+01
1.154044025829185394e+01 4.983614033617177341e+01 5.165570301757262950e-01 2.555179323714409367e-01 4.998123796552029319e+01
1.176797701814132324e+01 4.824023844670209371e+01 5.131850471773253819e-01 2.428784375966224207e-01 4.837636389630210232e+01
1.200000000000000178e+01 4.668512482404402419e+01 5.097969848049499486e-01 2.308724686192467901e-01 4.681281840051580190e+01
